08/27/20 13/11/2014
 36000               1
  3.000000000e+02
* 300.000             1               0 OUT   3   2 CLC    39   40
  5.209458306e+00 1.650000000e+02 1.373141822e+00 1.486425018e+05
  1.483378774e+05 1.638038715e+02 8.118569310e-01 4.053889893e+01
  9.999765038e-01-6.379760529e-03-6.379760529e-03 5.293859064e+06
  1.659377875e+02 7.120859027e-01 5.081874714e+00 1.195159581e-01
  4.253402462e-01 9.964084940e-01 1.183663149e+00 2.504934769e-04
  4.946905572e+00 2.952776637e+00 4.647265338e+00 9.609902767e+01
  0.000000000e+00 0.000000000e+00 0.000000000e+00
  0.000000000e+00 0.000000000e+00 0.000000000e+00
  0.000000000e+00 0.000000000e+00
  0.000000000e+00 0.000000000e+00
  1.729415411e+00 7.331956613e-02 1.984902415e+00 8.627244004e-01
  9.875486501e-01 5.095687108e+00-1.713339185e+01-8.529941331e+00
 -1.114063540e-01 1.362902086e-01 5.143069653e-01 7.224370744e+03
  9.803348825e-04 1.012647983e+00 1.922678048e+00 0.000000000e+00
  1.009203775e+00 1.629873972e+00 0.000000000e+00 0.000000000e+00
  -1.000000000e+02-1.104113378e+01 1.355458613e+00 1.351357710e+00
  1.000000000e+02 8.402428475e+00 2.849312225e+01 1.000000000e+03
  1.676598275e+02 7.488501871e-01 1.753359638e-01 0.000000000e+00
  0.000000000e+00 0.000000000e+00 0.000000000e+00 0.000000000e+00
  0.000000000e+00 0.000000000e+00 1.430730375e+00 5.000000000e+00
     4   18    6    0
  1.278801114e-01 1.273320278e-01 1.148818627e-01 1.136189708e-01
  6.299728557e-02 6.551944544e-02 6.545851798e-02 6.364688483e-02
  6.584765434e-02 6.624538934e-02 6.396823728e-02 5.613914400e-02
  5.639838460e-02 5.600329116e-02 5.474721075e-02 5.304532909e-02
  5.223508001e-02 5.308102534e-02 5.482453375e-02 5.607418672e-02
  5.630966608e-02 5.573349792e-02
  5.490755621e+03 9.956392352e+03-5.549350391e+02 2.363445134e+01
 -4.940884365e+00-6.105975403e+00
  0.000000000e+00 0.000000000e+00 0.000000000e+00 0.000000000e+00
  0.000000000e+00 0.000000000e+00 0.000000000e+00 0.000000000e+00
  0.000000000e+00 0.000000000e+00 0.000000000e+00 0.000000000e+00
  1.188702140e-01 1.000000000e-01 4.000000000e+01 5.522514195e-02
  1.140924272e+02 0.000000000e+00 9.990000000e+02 2.899755824e+05
 -1.000000000e+01 1.922678048e+00 0.000000000e+00-1.687620835e-01
 -1.000000000e+01-9.990000000e+02 2.231027913e+00 0.000000000e+00
  2.382576368e-02 4.951903428e-03 1.232667480e+00 2.043383257e+00
  2.616929691e+01 1.000000000e+10-8.900000000e+01-8.900000000e+01
 -8.900000000e+01-8.900000000e+01-8.900000000e+01-8.900000000e+01
  1.627615967e+00-8.900000000e+01-8.900000000e+01-8.900000000e+01
 -8.900000000e+01-8.900000000e+01-8.900000000e+01-8.900000000e+01
 -8.900000000e+01 6.343271497e+02-9.900000000e+01 1.728377032e-01
 -9.900000000e+01 1.678125000e+02 0.000000000e+00 0.000000000e+00
            MAG