08/27/20 13/11/2014
 36000               1
  3.200000000e+02
* 320.000             1               0 OUT   3   2 CLC    39   40
  5.257752556e+00 1.650000000e+02 1.373940799e+00 1.525269012e+05
  1.513762945e+05 1.636573002e+02 8.066540993e-01 4.066287614e+01
  1.000095252e+00-9.964859416e-03-9.964859416e-03 5.322101139e+06
  1.657943381e+02 6.674330182e-01 5.022855795e+00 1.225474823e-01
  4.226516250e-01 9.941959583e-01 9.439937800e-01 1.855919208e-03
  4.721545940e+00 2.928842899e+00 4.595373766e+00 9.553037682e+01
  0.000000000e+00 0.000000000e+00 0.000000000e+00
  0.000000000e+00 0.000000000e+00 0.000000000e+00
  0.000000000e+00 0.000000000e+00
  0.000000000e+00 0.000000000e+00
  1.728001456e+00 7.458946752e-02 1.983796016e+00 8.577270976e-01
  9.871859182e-01 5.039134236e+00-1.686271915e+01-8.402335030e+00
 -1.098395668e-01 1.298571741e-01 5.175089665e-01 7.469165448e+03
  8.035945227e-04 1.012724284e+00 1.900795093e+00 0.000000000e+00
  1.009012613e+00 1.628662004e+00 0.000000000e+00 0.000000000e+00
  -1.000000000e+02-1.084192147e+01 1.357487965e+00 1.353232708e+00
  1.000000000e+02 9.728802948e+00 2.892351793e+01 1.000000000e+03
  1.675249426e+02 7.159331290e-01 1.696654801e-01 0.000000000e+00
  0.000000000e+00 0.000000000e+00 0.000000000e+00 0.000000000e+00
  0.000000000e+00 0.000000000e+00 1.430781260e+00 5.000000000e+00
     4   18    6    0
  1.214976961e-01 1.209183109e-01 1.080924928e-01 1.067688800e-01
  6.457276408e-02 6.717111331e-02 6.710337760e-02 6.522964559e-02
  6.746242052e-02 6.783197731e-02 6.543466423e-02 5.702699484e-02
  5.731244298e-02 5.695406317e-02 5.568205281e-02 5.391649890e-02
  5.308506488e-02 5.400057678e-02 5.585700713e-02 5.716526609e-02
  5.738468895e-02 5.677965022e-02
  4.927816510e+03 1.014128314e+04-6.371424885e+02 2.344833827e+01
  1.354082646e+01 2.793401197e-01
  0.000000000e+00 0.000000000e+00 0.000000000e+00 0.000000000e+00
  0.000000000e+00 0.000000000e+00 0.000000000e+00 0.000000000e+00
  0.000000000e+00 0.000000000e+00 0.000000000e+00 0.000000000e+00
  1.188895728e-01 1.000000000e-01 4.000000000e+01 6.022644592e-02
  1.136790532e+02 0.000000000e+00 9.990000000e+02 2.922576764e+05
 -1.000000000e+01 1.900795093e+00 0.000000000e+00-3.348723087e-02
 -1.000000000e+01-9.990000000e+02 2.228852382e+00 0.000000000e+00
  2.383073668e-02 4.942052440e-03 1.229963013e+00 2.043161468e+00
  2.622741658e+01 1.000000000e+10-8.900000000e+01-8.900000000e+01
 -8.900000000e+01-8.900000000e+01-8.900000000e+01-8.900000000e+01
  1.629866042e+00-8.900000000e+01-8.900000000e+01-8.900000000e+01
 -8.900000000e+01-8.900000000e+01-8.900000000e+01-8.900000000e+01
 -8.900000000e+01 6.246684874e+02-9.900000000e+01 1.663035790e-01
 -9.900000000e+01 1.668750000e+02 0.000000000e+00 0.000000000e+00
            MAG