09/28/22 13/11/2014
   525               1
  1.250000000e+02
* 125.000             1               0  IN   3   2 CLC    39   40
  1.085382448e+01 1.780000000e+02 6.489078639e-01 1.075828442e+05
  1.115880371e+05 1.612945767e+02 3.177320462e+00 5.128965321e+01
  1.048917356e+00 3.793683117e-03 3.793683117e-03 8.893652627e+06
  1.654971774e+02 3.311572866e+00 6.382006310e+00 1.895064977e-01
  5.466028439e-01 1.000125907e+00 4.923483866e-03 2.615065005e+01
  3.000000000e-01 4.063601673e+01 5.908115338e+00 6.058989234e+01
  0.000000000e+00 0.000000000e+00 0.000000000e+00
  0.000000000e+00 0.000000000e+00 0.000000000e+00
  0.000000000e+00 0.000000000e+00
  0.000000000e+00 0.000000000e+00
  2.012107342e+00 4.216570672e-02 1.890453659e+00 1.217177072e+00
  9.376821820e-01 6.581520457e+00-8.437651102e+00-4.137765376e+00
 -6.134035116e-02-1.634917380e-01 8.787751211e-01 5.158485526e+03
  8.638516304e-04 1.061781712e+00 2.184800096e+00 0.000000000e+00
  1.066092627e+00 1.611514082e+00 0.000000000e+00 0.000000000e+00
  8.673759600e+01-8.450028268e+01 8.693426046e+01 8.814571247e+01
 -1.000000000e+02-6.285946163e+00 6.887703249e-01 6.866777885e-01
  1.000000000e+02 1.000000000e+02 2.917946424e+01 1.000000000e+03
  1.682093140e+02 3.348152891e+00-1.343745300e-01 0.000000000e+00
  0.000000000e+00 0.000000000e+00 0.000000000e+00 0.000000000e+00
  0.000000000e+00 0.000000000e+00 1.505118195e+00 5.000000000e+00
    89   40   16    1
 -1.668655598e-01-1.668743390e-01-1.687347938e-01-1.718538302e-01
 -1.749884945e-01-1.773379261e-01-1.783436430e-01-1.793166590e-01
 -1.827083034e-01-1.910399403e-01-2.046747364e-01-2.188055722e-01
 -2.276513437e-01-2.274811444e-01-2.038107694e-01-1.929102102e-01
 -1.955909176e-01-2.032853056e-01-2.053384415e-01-1.980344731e-01
 -1.948010469e-01-2.049531221e-01-2.275863706e-01-2.274468396e-01
 -2.186525216e-01-2.048317244e-01-1.915365084e-01-1.833484215e-01
 -1.800715236e-01-1.790524572e-01-1.782328117e-01-1.760690631e-01
 -1.730107544e-01-1.697231851e-01-1.673079217e-01-1.672919631e-01
 -1.680731691e-01-1.680695992e-01-1.680662290e-01-1.683107803e-01
 -1.683211594e-01-1.701059282e-01-1.730529234e-01-1.730806042e-01
 -1.760353744e-01-1.775524562e-01-1.774106735e-01-1.780589970e-01
 -1.809728648e-01-1.891201693e-01-2.016058097e-01-2.186756824e-01
 -2.303093220e-01-2.338657632e-01-2.292513605e-01-2.128014785e-01
 -2.126489318e-01-2.056194097e-01-1.930210794e-01-1.906408559e-01
 -1.994844976e-01-2.031542546e-01-2.032345542e-01-2.061457657e-01
 -2.083325204e-01-2.058226404e-01-2.057423939e-01-2.020038319e-01
 -1.926862383e-01-1.948841650e-01-2.067055123e-01-2.134619868e-01
 -2.136031627e-01-2.293516401e-01-2.336176075e-01-2.299618890e-01
 -2.185423189e-01-2.018552548e-01-1.906715537e-01-1.819630567e-01
 -1.788008599e-01-1.780686898e-01-1.782876625e-01-1.769852891e-01
 -1.741344497e-01-1.741068905e-01-1.710225879e-01-1.687947583e-01
 -1.687783803e-01
  4.219429248e-02 3.836692434e-02 2.477095512e-02 9.493319958e-03
  2.131594348e-03 5.426794745e-03 1.560396272e-02 3.806931830e-02
  2.642773903e-02 2.232535780e-02 2.241225114e-02 2.673241705e-02
  3.902938830e-02 1.541935618e-02 4.936965752e-03 1.721310536e-03
  6.602693004e-03 2.123211189e-02 3.538100805e-02 4.056244447e-02
  3.684570225e-03 1.011164451e-02 1.586284685e-02 1.452587786e-02
 -1.762502785e-02 9.466594354e-04 1.038534491e-02 7.184559926e-03
 -7.006722508e-03-1.676055110e-03 4.183906811e-03 9.447723598e-03
 -6.554858619e-03-1.085306549e-02-1.627711127e-03 1.667534463e-02
 -1.391324049e-02-1.620541228e-02-1.272653584e-02-7.665080602e-03
  0.000000000e+00 0.000000000e+00-2.119935859e-03 2.112153812e-03
  0.000000000e+00-9.194740953e+03 0.000000000e+00-1.304098096e+03
  0.000000000e+00 0.000000000e+00-2.119935859e-03 2.112153812e-03
  0.000000000e+00-9.167136531e+03 0.000000000e+00-1.376233153e+03
 -1.853583188e+04
  0.000000000e+00 0.000000000e+00 0.000000000e+00 0.000000000e+00
  0.000000000e+00 0.000000000e+00 0.000000000e+00 0.000000000e+00
  0.000000000e+00 0.000000000e+00 0.000000000e+00 0.000000000e+00
  1.197325225e-01 1.000000000e-01 4.000000000e+01-6.998305832e-02
  1.116127362e+02 0.000000000e+00 9.990000000e+02 1.665077110e+05
 -1.000000000e+01 2.184800096e+00 0.000000000e+00-2.998319376e-01
 -1.000000000e+01-9.990000000e+02 2.575120034e+00 0.000000000e+00
  2.399215803e-02 4.876701637e-03 1.100839434e+00 2.124659307e+00
  3.365507421e+01 1.000000000e+10-8.900000000e+01-8.900000000e+01
 -8.900000000e+01-8.900000000e+01-8.900000000e+01-8.900000000e+01
  1.929660535e+00-8.900000000e+01-8.900000000e+01-8.900000000e+01
 -8.900000000e+01-8.900000000e+01-8.900000000e+01-8.900000000e+01
 -8.900000000e+01 9.040132612e+02-9.900000000e+01-9.900000000e+01
 -9.900000000e+01-9.900000000e+01 0.000000000e+00 0.000000000e+00
            MAG