 0.000000000e+00 6.544898967e-02 9.411572860e-02 1.162561057e-01 1.349413504e-01
 1.514052979e-01 1.662346764e-01 1.801256096e-01 1.929408441e-01 2.050131216e-01
 2.165933659e-01 2.276187000e-01 2.381330474e-01 2.482871343e-01 2.581607244e-01
 2.677177584e-01 2.769273859e-01 2.859286380e-01 2.947440269e-01 3.033635903e-01
 3.117683968e-01 3.199837785e-01 3.280527646e-01 3.360119807e-01 3.438506838e-01
 3.515222763e-01 3.590724402e-01 3.665242679e-01 3.738877390e-01 3.811721257e-01
 3.883574608e-01 3.954400771e-01 4.024473957e-01 4.093797061e-01 4.162495080e-01
 4.230793429e-01 4.298328444e-01 4.365028189e-01 4.431244986e-01 4.497026123e-01
 4.562296676e-01 4.627181308e-01 4.691672552e-01 4.755578407e-01 4.819093275e-01
 4.882188268e-01 4.944958123e-01 5.007463829e-01 5.069732971e-01 5.131624907e-01
 5.193161528e-01 5.254417088e-01 5.315369700e-01 5.376187367e-01 5.436813832e-01
 5.497210749e-01 5.557398808e-01 5.617358392e-01 5.677134464e-01 5.736729890e-01
 5.796221616e-01 5.855549069e-01 5.914783906e-01 5.973964712e-01 6.032967264e-01
 6.091779500e-01 6.150558944e-01 6.209284256e-01 6.267932445e-01 6.326544378e-01
 6.385113808e-01 6.443625930e-01 6.502052738e-01 6.560517900e-01 6.618910996e-01
 6.677296420e-01 6.735746499e-01 6.794194039e-01 6.852626571e-01 6.911079872e-01
 6.969609827e-01 7.028151504e-01 7.086722049e-01 7.145375637e-01 7.204086090e-01
 7.262889616e-01 7.321810503e-01 7.380765949e-01 7.439789789e-01 7.498996565e-01
 7.558301298e-01 7.617706876e-01 7.677251875e-01 7.736946767e-01 7.796772391e-01
 7.856805529e-01 7.917020224e-01 7.977327443e-01 8.037856010e-01 8.098631408e-01
 8.159561137e-01 8.220671128e-01 8.282098038e-01 8.343740034e-01 8.405613539e-01
 8.467792246e-01 8.530168023e-01 8.592788651e-01 8.655801746e-01 8.719097375e-01
 8.782708248e-01 8.846689556e-01 8.910951281e-01 8.975604916e-01 9.040644266e-01
 9.105966518e-01 9.171780842e-01 9.238079294e-01 9.304745138e-01 9.371932336e-01
 9.439527550e-01 9.507545541e-01 9.576191630e-01 9.645339082e-01 9.715049853e-01
 9.785393538e-01 9.856280746e-01 9.927858918e-01 1.000000000e+00
 1.100066363e+00 1.108079696e+00 1.116093028e+00 1.124106360e+00 1.132119693e+00
 1.140133025e+00 1.148146358e+00 1.156159690e+00 1.164173023e+00 1.172186355e+00
 1.180199688e+00 1.188213020e+00 1.196226353e+00 1.204239685e+00 1.212253018e+00
 1.220266350e+00 1.228279683e+00 1.236293015e+00 1.244306348e+00 1.252319680e+00
 1.260333013e+00 1.268346345e+00 1.276359677e+00 1.284373010e+00 1.292386342e+00
 1.300399675e+00 1.308413007e+00 1.316426340e+00 1.324439672e+00 1.332453005e+00
 1.340466337e+00 1.348479670e+00 1.356493002e+00 1.364506335e+00 1.372519667e+00
 1.380533000e+00 1.388546332e+00 1.396559665e+00 1.404572997e+00 1.412586330e+00
 1.420599662e+00 1.428612994e+00 1.436626327e+00 1.444639659e+00 1.452652992e+00
 1.460666324e+00 1.468679657e+00 1.476692989e+00 1.484706322e+00 1.492719654e+00
 1.500732987e+00 1.508746319e+00 1.516759652e+00 1.524772984e+00 1.532786317e+00
 1.540799649e+00 1.548812982e+00 1.556826314e+00 1.564839647e+00 1.572852979e+00
 1.580866311e+00 1.588879644e+00 1.596892976e+00 1.604906309e+00 1.612919641e+00
 1.620932974e+00 1.628946306e+00 1.636959639e+00 1.644972971e+00 1.652986304e+00
 1.660999636e+00 1.669012969e+00 1.677026301e+00 1.685039634e+00 1.693052966e+00
 1.701066299e+00 1.709079631e+00 1.717092964e+00 1.725106296e+00 1.733119628e+00
 1.741132961e+00 1.749146293e+00 1.757159626e+00 1.765172958e+00 1.773186291e+00
 1.781199623e+00 1.789212956e+00 1.797226288e+00 1.805239621e+00 1.813252953e+00
 1.821266286e+00 1.829279618e+00 1.837292951e+00 1.845306283e+00 1.853319616e+00
 1.861332948e+00 1.869346281e+00 1.877359613e+00 1.885372945e+00 1.893386278e+00
 1.901399610e+00 1.909412943e+00 1.917426275e+00 1.925439608e+00 1.933452940e+00
 1.941466273e+00 1.949479605e+00 1.957492938e+00 1.965506270e+00 1.973519603e+00
 1.981532935e+00 1.989546268e+00 1.997559600e+00 2.005572933e+00 2.013586265e+00
 2.021599598e+00 2.029612930e+00 2.037626262e+00 2.045639595e+00 2.053652927e+00
 2.061666260e+00 2.069679592e+00 2.077692925e+00 2.085706257e+00 2.093719590e+00
 2.101732922e+00 2.109746255e+00 2.117759587e+00 2.125772920e+00
 1.504489254e-05 2.929999091e-01 1.186034387e+00 2.712045947e+00 4.903440770e+00
 7.792095732e+00 1.140904804e+01 1.578443426e+01 2.094738605e+01 2.692583545e+01
 3.374640294e+01 4.143425268e+01 5.001293076e+01 5.950425352e+01 6.992812766e+01
 8.130242916e+01 9.364287005e+01 1.069628193e+02 1.212732185e+02 1.365824094e+02
 1.528960076e+02 1.702168155e+02 1.885446381e+02 2.078762280e+02 2.282051574e+02
 2.495216899e+02 2.718127543e+02 2.950617917e+02 3.192487230e+02 3.443498991e+02
 3.703379887e+02 3.971820149e+02 4.248472745e+02 4.532953286e+02 4.824840455e+02
 5.123675428e+02 5.428962769e+02 5.740170632e+02 6.056731115e+02 6.378041522e+02
 6.703464734e+02 7.032330602e+02 7.363937184e+02 7.697551912e+02 8.032413494e+02
 8.367733411e+02 8.702697989e+02 9.036470405e+02 9.368192993e+02 9.696989682e+02
 1.002196839e+03 1.034222417e+03 1.065684151e+03 1.096489784e+03 1.126546664e+03
 1.155762009e+03 1.184043361e+03 1.211298821e+03 1.237437457e+03 1.262369724e+03
 1.286007689e+03 1.308265588e+03 1.329060093e+03 1.348310666e+03 1.365940122e+03
 1.381874759e+03 1.396044939e+03 1.408385419e+03 1.418835550e+03 1.427339954e+03
 1.433848554e+03 1.438317045e+03 1.440707336e+03 1.440987506e+03 1.439132492e+03
 1.435124085e+03 1.428951130e+03 1.420610072e+03 1.410104670e+03 1.397446516e+03
 1.382655089e+03 1.365757564e+03 1.346789383e+03 1.325793793e+03 1.302822029e+03
 1.277933448e+03 1.251194964e+03 1.222681447e+03 1.192475235e+03 1.160665854e+03
 1.127350194e+03 1.092631654e+03 1.056620219e+03 1.019432031e+03 9.811886541e+02
 9.420171685e+02 9.020492010e+02 8.614205796e+02 8.202709785e+02 7.787428769e+02
 7.369814199e+02 6.951335090e+02 6.533470633e+02 6.117706902e+02 5.705525375e+02
 5.298398748e+02 4.897783293e+02 4.505109234e+02 4.121776917e+02 3.749146397e+02
 3.388531150e+02 3.041192009e+02 2.708327619e+02 2.391069979e+02 2.090476493e+02
 1.807523328e+02 1.543100838e+02 1.298006184e+02 1.072939218e+02 8.684974778e+01
 6.851713807e+01 5.233414410e+01 3.832740771e+01 2.651196124e+01 1.689112247e+01
 9.456148834e+00 4.186269264e+00 1.049159870e+00 1.289496242e-04
 1.100066363e+00 1.108079696e+00 1.116093028e+00 1.124106360e+00 1.132119693e+00
 1.140133025e+00 1.148146358e+00 1.156159690e+00 1.164173023e+00 1.172186355e+00
 1.180199688e+00 1.188213020e+00 1.196226353e+00 1.204239685e+00 1.212253018e+00
 1.220266350e+00 1.228279683e+00 1.236293015e+00 1.244306348e+00 1.252319680e+00
 1.260333013e+00 1.268346345e+00 1.276359677e+00 1.284373010e+00 1.292386342e+00
 1.300399675e+00 1.308413007e+00 1.316426340e+00 1.324439672e+00 1.332453005e+00
 1.340466337e+00 1.348479670e+00 1.356493002e+00 1.364506335e+00 1.372519667e+00
 1.380533000e+00 1.388546332e+00 1.396559665e+00 1.404572997e+00 1.412586330e+00
 1.420599662e+00 1.428612994e+00 1.436626327e+00 1.444639659e+00 1.452652992e+00
 1.460666324e+00 1.468679657e+00 1.476692989e+00 1.484706322e+00 1.492719654e+00
 1.500732987e+00 1.508746319e+00 1.516759652e+00 1.524772984e+00 1.532786317e+00
 1.540799649e+00 1.548812982e+00 1.556826314e+00 1.564839647e+00 1.572852979e+00
 1.580866311e+00 1.588879644e+00 1.596892976e+00 1.604906309e+00 1.612919641e+00
 1.620932974e+00 1.628946306e+00 1.636959639e+00 1.644972971e+00 1.652986304e+00
 1.660999636e+00 1.669012969e+00 1.677026301e+00 1.685039634e+00 1.693052966e+00
 1.701066299e+00 1.709079631e+00 1.717092964e+00 1.725106296e+00 1.733119628e+00
 1.741132961e+00 1.749146293e+00 1.757159626e+00 1.765172958e+00 1.773186291e+00
 1.781199623e+00 1.789212956e+00 1.797226288e+00 1.805239621e+00 1.813252953e+00
 1.821266286e+00 1.829279618e+00 1.837292951e+00 1.845306283e+00 1.853319616e+00
 1.861332948e+00 1.869346281e+00 1.877359613e+00 1.885372945e+00 1.893386278e+00
 1.901399610e+00 1.909412943e+00 1.917426275e+00 1.925439608e+00 1.933452940e+00
 1.941466273e+00 1.949479605e+00 1.957492938e+00 1.965506270e+00 1.973519603e+00
 1.981532935e+00 1.989546268e+00 1.997559600e+00 2.005572933e+00 2.013586265e+00
 2.021599598e+00 2.029612930e+00 2.037626262e+00 2.045639595e+00 2.053652927e+00
 2.061666260e+00 2.069679592e+00 2.077692925e+00 2.085706257e+00 2.093719590e+00
 2.101732922e+00 2.109746255e+00 2.117759587e+00 2.125772920e+00
 6.579969609e+00 6.372332115e+00 6.175006263e+00 5.988103174e+00 5.810906991e+00
 5.642298546e+00 5.481886186e+00 5.329004562e+00 5.183381441e+00 5.044380122e+00
 4.911695838e+00 4.785231863e+00 4.664312130e+00 4.548687490e+00 4.438153423e+00
 4.332484806e+00 4.231241250e+00 4.134369626e+00 4.041577674e+00 3.952718475e+00
 3.867436753e+00 3.785821156e+00 3.707496361e+00 3.632411993e+00 3.560276795e+00
 3.491222968e+00 3.424815426e+00 3.361155471e+00 3.299993733e+00 3.241385863e+00
 3.184992069e+00 3.130900958e+00 3.079047627e+00 3.029244742e+00 2.981336492e+00
 2.935490035e+00 2.891565104e+00 2.849167822e+00 2.808685577e+00 2.769871764e+00
 2.732649894e+00 2.696864566e+00 2.662789331e+00 2.630201193e+00 2.598688722e+00
 2.568934374e+00 2.540412645e+00 2.513136882e+00 2.487144138e+00 2.462426805e+00
 2.439114471e+00 2.416716161e+00 2.395581090e+00 2.375751854e+00 2.356695831e+00
 2.339042117e+00 2.322591233e+00 2.307089995e+00 2.292762275e+00 2.279454982e+00
 2.267522412e+00 2.256439636e+00 2.247254817e+00 2.237789700e+00 2.231560761e+00
 2.224236746e+00 2.222159088e+00 2.232383518e+00 2.238801829e+00 2.233119255e+00
 2.217620198e+00 2.199666113e+00 2.187228759e+00 2.185632238e+00 2.195657025e+00
 2.213158859e+00 2.230326963e+00 2.238692278e+00 2.233977050e+00 2.222844511e+00
 2.223851261e+00 2.231622516e+00 2.238481843e+00 2.248750327e+00 2.259033027e+00
 2.271577136e+00 2.285317998e+00 2.300855751e+00 2.317763056e+00 2.335993519e+00
 2.356218573e+00 2.378161657e+00 2.401717390e+00 2.426854136e+00 2.453987998e+00
 2.483217577e+00 2.514400096e+00 2.547813179e+00 2.583549318e+00 2.621625488e+00
 2.662189274e+00 2.705475837e+00 2.751786900e+00 2.801108677e+00 2.853728971e+00
 2.909882764e+00 2.969876828e+00 3.033973494e+00 3.102339906e+00 3.175532151e+00
 3.253811193e+00 3.337695351e+00 3.427603358e+00 3.524166344e+00 3.628087669e+00
 3.739856029e+00 3.860468503e+00 3.990878729e+00 4.132102317e+00 4.285428804e+00
 4.452273775e+00 4.634491652e+00 4.833993391e+00 5.053207214e+00 5.295170612e+00
 5.563416230e+00 5.862207394e+00 6.197574798e+00 6.576982331e+00
 1.000000000e+00 1.013000000e+00 1.026000000e+00 1.039000000e+00 1.052000000e+00
 1.065000000e+00 1.078000000e+00 1.091000000e+00 1.104000000e+00 1.117000000e+00
 1.130000000e+00 1.143000000e+00 1.156000000e+00 1.169000000e+00 1.182000000e+00
 1.195000000e+00 1.208000000e+00 1.221000000e+00 1.234000000e+00 1.247000000e+00
 1.260000000e+00 1.273000000e+00 1.286000000e+00 1.299000000e+00 1.312000000e+00
 1.325000000e+00 1.338000000e+00 1.351000000e+00 1.364000000e+00 1.377000000e+00
 1.390000000e+00 1.403000000e+00 1.416000000e+00 1.429000000e+00 1.442000000e+00
 1.455000000e+00 1.468000000e+00 1.481000000e+00 1.494000000e+00 1.507000000e+00
 1.520000000e+00 1.533000000e+00 1.546000000e+00 1.559000000e+00 1.572000000e+00
 1.585000000e+00 1.598000000e+00 1.611000000e+00 1.624000000e+00 1.637000000e+00
 1.650000000e+00 1.663000000e+00 1.676000000e+00 1.689000000e+00 1.702000000e+00
 1.715000000e+00 1.728000000e+00 1.741000000e+00 1.754000000e+00 1.767000000e+00
 1.780000000e+00 1.793000000e+00 1.806000000e+00 1.819000000e+00 1.832000000e+00
 1.845000000e+00 1.858000000e+00 1.871000000e+00 1.884000000e+00 1.897000000e+00
 1.910000000e+00 1.923000000e+00 1.936000000e+00 1.949000000e+00 1.962000000e+00
 1.975000000e+00 1.988000000e+00 2.001000000e+00 2.014000000e+00 2.027000000e+00
 2.040000000e+00 2.053000000e+00 2.066000000e+00 2.079000000e+00 2.092000000e+00
 2.105000000e+00 2.118000000e+00 2.131000000e+00 2.144000000e+00 2.157000000e+00
 2.170000000e+00 2.183000000e+00 2.196000000e+00 2.209000000e+00 2.222000000e+00
 2.235000000e+00 2.248000000e+00 2.261000000e+00 2.274000000e+00 2.287000000e+00
 2.300000000e+00 2.313000000e+00 2.326000000e+00 2.339000000e+00 2.352000000e+00
 2.365000000e+00 2.378000000e+00 2.391000000e+00 2.404000000e+00 2.417000000e+00
 2.430000000e+00 2.443000000e+00 2.456000000e+00 2.469000000e+00 2.482000000e+00
 2.495000000e+00 2.508000000e+00 2.521000000e+00 2.534000000e+00 2.547000000e+00
 2.560000000e+00 2.573000000e+00 2.586000000e+00 2.599000000e+00 2.612000000e+00
 2.625000000e+00 2.638000000e+00 2.651000000e+00 2.664000000e+00
 0.000000000e+00 0.000000000e+00 0.000000000e+00 0.000000000e+00 0.000000000e+00
 0.000000000e+00 0.000000000e+00 0.000000000e+00 1.702128190e+03 8.895939750e+03
 1.625676840e+04 2.377738917e+04 3.144993864e+04 3.926589885e+04 4.721608608e+04
 5.529064269e+04 6.347903143e+04 7.177003165e+04 8.015173784e+04 8.861156020e+04
 9.713622755e+04 1.057117928e+05 1.143236407e+05 1.229564986e+05 1.315944499e+05
 1.402209501e+05 1.488188467e+05 1.573704012e+05 1.658573153e+05 1.742607598e+05
 1.825614073e+05 1.907394682e+05 1.987747303e+05 2.066466022e+05 2.143341600e+05
 2.218161979e+05 2.290712826e+05 2.360778111e+05 2.428140723e+05 2.492583120e+05
 2.553888020e+05 2.611839118e+05 2.666221844e+05 2.716824148e+05 2.763437318e+05
 2.805856826e+05 2.843883201e+05 2.877322926e+05 2.905989356e+05 2.929703655e+05
 2.948295754e+05 2.961605311e+05 2.969482690e+05 2.971789937e+05 2.968401763e+05
 2.959206520e+05 2.944107167e+05 2.923022225e+05 2.895886714e+05 2.862653061e+05
 2.823291984e+05 2.777793338e+05 2.726166919e+05 2.668443220e+05 2.604674135e+05
 2.534933601e+05 2.459318174e+05 2.377947534e+05 2.290964905e+05 2.198537399e+05
 2.100856256e+05 1.998136995e+05 1.890619461e+05 1.778567756e+05 1.662270060e+05
 1.542038334e+05 1.418207890e+05 1.291136843e+05 1.161205424e+05 1.028815157e+05
 8.943879025e+04 7.583647611e+04 6.212048387e+04 4.833838781e+04 3.453927635e+04
 2.077359067e+04 7.092952380e+03 0.000000000e+00 0.000000000e+00 0.000000000e+00
 0.000000000e+00 0.000000000e+00 0.000000000e+00 0.000000000e+00 0.000000000e+00
 0.000000000e+00 0.000000000e+00 0.000000000e+00 0.000000000e+00 0.000000000e+00
 0.000000000e+00 0.000000000e+00 0.000000000e+00 0.000000000e+00 0.000000000e+00
 0.000000000e+00 0.000000000e+00 0.000000000e+00 0.000000000e+00 0.000000000e+00
 0.000000000e+00 0.000000000e+00 0.000000000e+00 0.000000000e+00 0.000000000e+00
 0.000000000e+00 0.000000000e+00 0.000000000e+00 0.000000000e+00 0.000000000e+00
 0.000000000e+00 0.000000000e+00 0.000000000e+00 0.000000000e+00 0.000000000e+00
 0.000000000e+00 0.000000000e+00 0.000000000e+00 0.000000000e+00
    2
 0.000000000e+00 0.000000000e+00 0.000000000e+00 0.000000000e+00 0.000000000e+00
 0.000000000e+00 0.000000000e+00 0.000000000e+00 0.000000000e+00 0.000000000e+00
 0.000000000e+00 0.000000000e+00 0.000000000e+00 0.000000000e+00 0.000000000e+00
 0.000000000e+00 0.000000000e+00 0.000000000e+00 0.000000000e+00 0.000000000e+00
 0.000000000e+00 0.000000000e+00 0.000000000e+00 0.000000000e+00 0.000000000e+00
 0.000000000e+00 0.000000000e+00 0.000000000e+00 0.000000000e+00 0.000000000e+00
 0.000000000e+00 0.000000000e+00 0.000000000e+00 0.000000000e+00 0.000000000e+00
 0.000000000e+00 0.000000000e+00 0.000000000e+00 0.000000000e+00 0.000000000e+00
 0.000000000e+00 0.000000000e+00 0.000000000e+00 0.000000000e+00 0.000000000e+00
 0.000000000e+00 0.000000000e+00 0.000000000e+00 0.000000000e+00 0.000000000e+00
 0.000000000e+00 0.000000000e+00 0.000000000e+00 0.000000000e+00 0.000000000e+00
 0.000000000e+00 0.000000000e+00 0.000000000e+00 0.000000000e+00 0.000000000e+00
 0.000000000e+00 0.000000000e+00 0.000000000e+00 0.000000000e+00 0.000000000e+00
 0.000000000e+00 0.000000000e+00 0.000000000e+00 0.000000000e+00 0.000000000e+00
 0.000000000e+00 0.000000000e+00 0.000000000e+00 0.000000000e+00 0.000000000e+00
 0.000000000e+00 0.000000000e+00 0.000000000e+00 0.000000000e+00 0.000000000e+00
 0.000000000e+00 0.000000000e+00 0.000000000e+00 0.000000000e+00 0.000000000e+00
 0.000000000e+00 0.000000000e+00 0.000000000e+00 0.000000000e+00 0.000000000e+00
 0.000000000e+00 0.000000000e+00 0.000000000e+00 0.000000000e+00 0.000000000e+00
 0.000000000e+00 0.000000000e+00 0.000000000e+00 0.000000000e+00 0.000000000e+00
 0.000000000e+00 0.000000000e+00 0.000000000e+00 0.000000000e+00 0.000000000e+00
 0.000000000e+00 0.000000000e+00 0.000000000e+00 0.000000000e+00 0.000000000e+00
 0.000000000e+00 0.000000000e+00 0.000000000e+00 0.000000000e+00 0.000000000e+00
 0.000000000e+00 0.000000000e+00 0.000000000e+00 0.000000000e+00 0.000000000e+00
 0.000000000e+00 0.000000000e+00 0.000000000e+00 0.000000000e+00 0.000000000e+00
 0.000000000e+00 0.000000000e+00 0.000000000e+00 0.000000000e+00
