08/27/20 13/11/2014
 36000               1
  3.900000000e+02
* 390.000             1               0 OUT   3   2 CLC    39   40
  5.188744963e+00 1.650000000e+02 1.375938241e+00 1.519669189e+05
  1.513715369e+05 1.634285218e+02-1.318761150e-01 4.128219611e+01
  1.001661547e+00-1.535718210e-02-1.535718210e-02 5.484133255e+06
  1.655608912e+02-9.003669193e-02 5.215233365e+00 1.144856224e-01
  4.097987929e-01 9.960914186e-01 6.072558300e-01 1.628277201e-04
  4.644602318e+00 1.855303467e+00 4.771669735e+00 9.208971833e+01
  0.000000000e+00 0.000000000e+00 0.000000000e+00
  0.000000000e+00 0.000000000e+00 0.000000000e+00
  0.000000000e+00 0.000000000e+00
  0.000000000e+00 0.000000000e+00
  1.735463716e+00 7.342520540e-02 1.981147369e+00 8.319327238e-01
  9.849011672e-01 5.233667328e+00-1.601607472e+01-8.029123945e+00
 -1.039586657e-01 1.095002329e-01 5.340153510e-01 7.231367170e+03
  8.989976295e-04 1.014018244e+00 1.970273912e+00 0.000000000e+00
  1.012208255e+00 1.624657878e+00 0.000000000e+00 0.000000000e+00
  -1.000000000e+02-1.045922255e+01 1.360782749e+00 1.356588256e+00
  1.000000000e+02 2.511690276e+00 2.823574704e+01 1.000000000e+03
  1.673535126e+02-9.907538528e-02 1.492257854e-01 0.000000000e+00
  0.000000000e+00 0.000000000e+00 0.000000000e+00 0.000000000e+00
  0.000000000e+00 0.000000000e+00 1.432206466e+00 5.000000000e+00
     4   18    6    0
  1.015230929e-01 1.015961184e-01 8.777647943e-02 8.790592608e-02
  6.569179125e-02 6.828657200e-02 6.807997834e-02 6.598191663e-02
  6.798383539e-02 6.812210151e-02 6.548754931e-02 5.645056848e-02
  5.693044087e-02 5.671416215e-02 5.541389550e-02 5.351226223e-02
  5.259848681e-02 5.354647920e-02 5.548127811e-02 5.680692625e-02
  5.703675881e-02 5.656484017e-02
  3.453907040e+03 1.004688258e+04-1.480008490e+01 2.993590393e+01
 -4.174975629e+00-8.870453542e+00
  0.000000000e+00 0.000000000e+00 0.000000000e+00 0.000000000e+00
  0.000000000e+00 0.000000000e+00 0.000000000e+00 0.000000000e+00
  0.000000000e+00 0.000000000e+00 0.000000000e+00 0.000000000e+00
  1.190397540e-01 1.000000000e-01 4.000000000e+01 1.347115812e-01
  1.092059106e+02 0.000000000e+00 9.990000000e+02 2.747801800e+05
 -1.000000000e+01 1.970273912e+00 0.000000000e+00-1.772571421e-01
 -1.000000000e+01-9.990000000e+02 2.242137946e+00 0.000000000e+00
  2.386585209e-02 5.004503934e-03 1.221463257e+00 2.047107179e+00
  2.660500343e+01 1.000000000e+10-8.900000000e+01-8.900000000e+01
 -8.900000000e+01-8.900000000e+01-8.900000000e+01-8.900000000e+01
  1.636770836e+00-8.900000000e+01-8.900000000e+01-8.900000000e+01
 -8.900000000e+01-8.900000000e+01-8.900000000e+01-8.900000000e+01
 -8.900000000e+01 5.977828601e+02-9.900000000e+01 1.490006488e-01
 -9.900000000e+01 1.668750000e+02 0.000000000e+00 0.000000000e+00
            MAG