R_inner
1.03000000000000
1.03000000000000
1.03288635300000
1.04150036600000
1.05570764200000
1.07528649900000
1.09993164100000
1.12925830100000
1.16280896000000
1.20006042500000
1.24043115200000
1.28329162600000
1.32797290000000
1.37636071800000
1.42512768600000
1.47412622100000
1.52320837400000
1.57222558600000
1.62102978500000
1.66947351100000
1.71741015600000
1.76469494600000
1.81118493700000
1.85673950200000
1.90122094700000
1.94449499500000
1.98643054200000
2.02690100100000
2.06578393600000
2.10296215800000
2.13832275400000
2.17175903300000
2.20317016600000
2.23246069300000
2.25791845700000
2.28249365200000
2.30617285200000
2.32894262700000
2.35079077100000
2.37170507800000
2.39167382800000
2.41068603500000
2.42873120100000
2.44579931600000
2.46188085900000
2.47696704100000
2.49104931600000
2.50412011700000
2.51617187500000
2.52719824200000
2.53719311500000
2.54615063500000
2.55406616200000
2.56093505900000
2.56675366200000
2.57151879900000
2.57522778300000
2.57787866200000
2.57946948200000
2.58000000000000
2.57946948200000
2.57787866200000
2.57522778300000
2.57151879900000
2.56675366200000
2.56093505900000
2.55406616200000
2.54615063500000
2.53719311500000
2.52719824200000
2.51617187500000
2.50412011700000
2.49104931600000
2.47696704100000
2.46188085900000
2.44579931600000
2.42873120100000
2.41068603500000
2.39167382800000
2.37170507800000
2.35079077100000
2.32894262700000
2.30617285200000
2.28249365200000
2.25791845700000
2.23246069300000
2.20317016600000
2.17175903300000
2.13832275400000
2.10296215800000
2.06578393600000
2.02690100100000
1.98643054200000
1.94449499500000
1.90122094700000
1.85673950200000
1.81118493700000
1.76469494600000
1.71741015600000
1.66947351100000
1.62102978500000
1.57222558600000
1.52320837400000
1.47412622100000
1.42512768600000
1.37636071800000
1.32797290000000
1.28329162600000
1.24043115200000
1.20006042500000
1.16280896000000
1.12925830100000
1.09993164100000
1.07528649900000
1.05570764200000
1.04150036600000
1.03288635300000
1.03000000000000
1.03000000000000
Z_inner
0
1.10000000000000
1.14612561000000
1.19153149400000
1.23550927700000
1.27737292500000
1.31646923800000
1.35218823200000
1.38397253400000
1.41132641600000
1.43382299800000
1.45111132800000
1.46292163100000
1.47114929200000
1.47670507800000
1.47957226600000
1.47974218800000
1.47721435500000
1.47199621600000
1.46410376000000
1.45356066900000
1.44039904800000
1.42465844700000
1.40638647500000
1.38563855000000
1.36247729500000
1.33697265600000
1.30920178200000
1.27924853500000
1.24720373500000
1.21316394000000
1.17723217800000
1.13951709000000
1.10013256800000
1.06293737800000
1.02515332000000
0.986801453000000
0.947902832000000
0.908479065000000
0.868552063000000
0.828143921000000
0.787276978000000
0.745973877000000
0.704257568000000
0.662151062000000
0.619677734000000
0.576861145000000
0.533724976000000
0.490293152000000
0.446589722000000
0.402638855000000
0.358464966000000
0.314092468000000
0.269545990000000
0.224850159000000
0.180029785000000
0.135109680000000
0.0901147230000000
0.0450698470000000
0
-0.0450698470000000
-0.0901147230000000
-0.135109680000000
-0.180029785000000
-0.224850159000000
-0.269545990000000
-0.314092468000000
-0.358464966000000
-0.402638855000000
-0.446589722000000
-0.490293152000000
-0.533724976000000
-0.576861145000000
-0.619677734000000
-0.662151062000000
-0.704257568000000
-0.745973877000000
-0.787276978000000
-0.828143921000000
-0.868552063000000
-0.908479065000000
-0.947902832000000
-0.986801453000000
-1.02515332000000
-1.06293737800000
-1.10013256800000
-1.13951709000000
-1.17723217800000
-1.21316394000000
-1.24720373500000
-1.27924853500000
-1.30920178200000
-1.33697265600000
-1.36247729500000
-1.38563855000000
-1.40638647500000
-1.42465844700000
-1.44039904800000
-1.45356066900000
-1.46410376000000
-1.47199621600000
-1.47721435500000
-1.47974218800000
-1.47957226600000
-1.47670507800000
-1.47114929200000
-1.46292163100000
-1.45111132800000
-1.43382299800000
-1.41132641600000
-1.38397253400000
-1.35218823200000
-1.31646923800000
-1.27737292500000
-1.23550927700000
-1.19153149400000
-1.14612561000000
-1.10000000000000
0
R_outer
1
1
1.00312036100000
1.01243280000000
1.02779199200000
1.04895837400000
1.07560168500000
1.10730627400000
1.14357727100000
1.18384912100000
1.22749316400000
1.27382873500000
1.32213281300000
1.37214672900000
1.42255249000000
1.47319775400000
1.52392919900000
1.57459375000000
1.62503808600000
1.67510961900000
1.72465722700000
1.77353112800000
1.82158337400000
1.86866882300000
1.91464514200000
1.95937329100000
2.00271814000000
2.04454870600000
2.08473828100000
2.12316577100000
2.15971460000000
2.19427465800000
2.22674121100000
2.25701635700000
2.28287280300000
2.30783300800000
2.33188305700000
2.35500976600000
2.37720019500000
2.39844189500000
2.41872363300000
2.43803369100000
2.45636157200000
2.47369702100000
2.49003051800000
2.50535302700000
2.51965576200000
2.53293139600000
2.54517211900000
2.55637109400000
2.56652246100000
2.57562036100000
2.58365991200000
2.59063647500000
2.59654614300000
2.60138598600000
2.60515307600000
2.60784521500000
2.60946118200000
2.61000000000000
2.60946118200000
2.60784521500000
2.60515307600000
2.60138598600000
2.59654614300000
2.59063647500000
2.58365991200000
2.57562036100000
2.56652246100000
2.55637109400000
2.54517211900000
2.53293139600000
2.51965576200000
2.50535302700000
2.49003051800000
2.47369702100000
2.45636157200000
2.43803369100000
2.41872363300000
2.39844189500000
2.37720019500000
2.35500976600000
2.33188305700000
2.30783300800000
2.28287280300000
2.25701635700000
2.22674121100000
2.19427465800000
2.15971460000000
2.12316577100000
2.08473828100000
2.04454870600000
2.00271814000000
1.95937329100000
1.91464514200000
1.86866882300000
1.82158337400000
1.77353112800000
1.72465722700000
1.67510961900000
1.62503808600000
1.57459375000000
1.52392919900000
1.47319775400000
1.42255249000000
1.37214672900000
1.32213281300000
1.27382873500000
1.22749316400000
1.18384912100000
1.14357727100000
1.10730627400000
1.07560168500000
1.04895837400000
1.02779199200000
1.01243280000000
1.00312036100000
1
1
Z_outer
0
1.10000000000000
1.14986547900000
1.19895300300000
1.24649658200000
1.29175451700000
1.33402087400000
1.37263598600000
1.40699743700000
1.43656909200000
1.46088977100000
1.47957983400000
1.49234765600000
1.50085180700000
1.50659436000000
1.50955798300000
1.50973352100000
1.50712072800000
1.50172729500000
1.49356958000000
1.48267224100000
1.46906823700000
1.45279870600000
1.43391272000000
1.41246752900000
1.38852783200000
1.36216613800000
1.33346203600000
1.30250231900000
1.26938049300000
1.23419677700000
1.19705761700000
1.15807507300000
1.11736706500000
1.07958911100000
1.04121325700000
1.00226043700000
0.962752502000000
0.922711121000000
0.882158630000000
0.841117432000000
0.799610291000000
0.757660156000000
0.715290283000000
0.672524170000000
0.629385498000000
0.585898132000000
0.542086243000000
0.497973999000000
0.453585907000000
0.408946533000000
0.364080597000000
0.319012970000000
0.273768616000000
0.228372620000000
0.182850098000000
0.137226288000000
0.0915264430000000
0.0457759020000000
0
-0.0457759020000000
-0.0915264430000000
-0.137226288000000
-0.182850098000000
-0.228372620000000
-0.273768616000000
-0.319012970000000
-0.364080597000000
-0.408946533000000
-0.453585907000000
-0.497973999000000
-0.542086243000000
-0.585898132000000
-0.629385498000000
-0.672524170000000
-0.715290283000000
-0.757660156000000
-0.799610291000000
-0.841117432000000
-0.882158630000000
-0.922711121000000
-0.962752502000000
-1.00226043700000
-1.04121325700000
-1.07958911100000
-1.11736706500000
-1.15807507300000
-1.19705761700000
-1.23419677700000
-1.26938049300000
-1.30250231900000
-1.33346203600000
-1.36216613800000
-1.38852783200000
-1.41246752900000
-1.43391272000000
-1.45279870600000
-1.46906823700000
-1.48267224100000
-1.49356958000000
-1.50172729500000
-1.50712072800000
-1.50973352100000
-1.50955798300000
-1.50659436000000
-1.50085180700000
-1.49234765600000
-1.47957983400000
-1.46088977100000
-1.43656909200000
-1.40699743700000
-1.37263598600000
-1.33402087400000
-1.29175451700000
-1.24649658200000
-1.19895300300000
-1.14986547900000
-1.10000000000000
0
