08/27/20 13/11/2014
 36000               1
  3.300000000e+02
* 330.000             1               0 OUT   3   2 CLC    39   40
  5.198680634e+00 1.650000000e+02 1.374739776e+00 1.517195435e+05
  1.506994686e+05 1.638604391e+02 3.806022073e-01 4.076368613e+01
  1.000201870e+00-4.956885887e-03-4.956885887e-03 5.355072912e+06
  1.659726488e+02 3.515338932e-01 5.064222349e+00 1.191775950e-01
  4.162378572e-01 9.965250355e-01 1.292523069e+00 2.940841120e-03
  5.088202219e+00 2.389687375e+00 4.629507324e+00 9.541676952e+01
  0.000000000e+00 0.000000000e+00 0.000000000e+00
  0.000000000e+00 0.000000000e+00 0.000000000e+00
  0.000000000e+00 0.000000000e+00
  0.000000000e+00 0.000000000e+00
  1.729294305e+00 7.407247368e-02 1.984459237e+00 8.444623990e-01
  9.869738460e-01 5.076443502e+00-1.696570587e+01-8.477860817e+00
 -1.102517836e-01 1.268958559e-01 5.200772230e-01 7.299146184e+03
  6.383571597e-04 1.012786193e+00 1.916252364e+00 0.000000000e+00
  1.011714562e+00 1.630198402e+00 0.000000000e+00 0.000000000e+00
  -1.000000000e+02-1.101532222e+01 1.356791269e+00 1.352545441e+00
  1.000000000e+02 8.921881500e+00 2.877353380e+01 1.000000000e+03
  1.677075358e+02 3.625858252e-01 1.665745629e-01 0.000000000e+00
  0.000000000e+00 0.000000000e+00 0.000000000e+00 0.000000000e+00
  0.000000000e+00 0.000000000e+00 1.430745349e+00 5.000000000e+00
     4   18    6    0
  1.183525798e-01 1.181007344e-01 1.051913223e-01 1.046383217e-01
  6.432300480e-02 6.686151386e-02 6.672418955e-02 6.477876608e-02
  6.692662494e-02 6.725410053e-02 6.486502346e-02 5.687672689e-02
  5.725759832e-02 5.693890872e-02 5.564307254e-02 5.382893560e-02
  5.294887006e-02 5.381506693e-02 5.561644020e-02 5.687712910e-02
  5.709934105e-02 5.656494951e-02
  4.730604094e+03 1.006372868e+04-1.989226763e+02 2.987478368e+01
  1.743719252e+01 1.038477527e+01
  0.000000000e+00 0.000000000e+00 0.000000000e+00 0.000000000e+00
  0.000000000e+00 0.000000000e+00 0.000000000e+00 0.000000000e+00
  0.000000000e+00 0.000000000e+00 0.000000000e+00 0.000000000e+00
  1.189493955e-01 1.000000000e-01 4.000000000e+01 9.146402570e-02
  1.125175036e+02 0.000000000e+00 9.990000000e+02 2.850801806e+05
 -1.000000000e+01 1.916252364e+00 0.000000000e+00-1.373486410e-01
 -1.000000000e+01-9.990000000e+02 2.234105753e+00 0.000000000e+00
  2.384439485e-02 4.908777908e-03 1.230967529e+00 2.046241252e+00
  2.632464312e+01 1.000000000e+10-8.900000000e+01-8.900000000e+01
 -8.900000000e+01-8.900000000e+01-8.900000000e+01-8.900000000e+01
  1.630298299e+00-8.900000000e+01-8.900000000e+01-8.900000000e+01
 -8.900000000e+01-8.900000000e+01-8.900000000e+01-8.900000000e+01
 -8.900000000e+01 6.223148555e+02-9.900000000e+01 1.637679402e-01
 -9.900000000e+01 1.678125000e+02 0.000000000e+00 0.000000000e+00
            MAG