08/27/20 13/11/2014
 36000               1
  3.100000000e+02
* 310.000             1               0 OUT   3   2 CLC    39   40
  5.154968708e+00 1.650000000e+02 1.373741054e+00 1.508961182e+05
  1.505896589e+05 1.634076337e+02 3.809792288e-01 4.112994818e+01
  9.994365450e-01-1.592188416e-02-1.592188416e-02 5.432120830e+06
  1.656927656e+02 3.814614501e-01 5.190220555e+00 1.236591344e-01
  4.417377590e-01 9.978105677e-01 6.120956741e-01 3.380909847e-03
  4.458271067e+00 2.389692145e+00 4.747976709e+00 9.309382443e+01
  0.000000000e+00 0.000000000e+00 0.000000000e+00
  0.000000000e+00 0.000000000e+00 0.000000000e+00
  0.000000000e+00 0.000000000e+00
  0.000000000e+00 0.000000000e+00
  1.744323879e+00 7.339176291e-02 1.984342486e+00 8.953443031e-01
  9.880409159e-01 5.210337617e+00-1.614721198e+01-7.949419993e+00
 -1.035534827e-01 1.325964379e-01 5.289963546e-01 7.714006212e+03
  8.212124103e-04 1.013198218e+00 1.951972909e+00 0.000000000e+00
  1.010379223e+00 1.628220979e+00 0.000000000e+00 0.000000000e+00
  -1.000000000e+02-1.037164433e+01 1.357487596e+00 1.353506466e+00
  1.000000000e+02 6.337657269e+00 2.833677287e+01 1.000000000e+03
  1.674667094e+02 3.849834695e-01 1.721638095e-01 0.000000000e+00
  0.000000000e+00 0.000000000e+00 0.000000000e+00 0.000000000e+00
  0.000000000e+00 0.000000000e+00 1.431754594e+00 5.000000000e+00
     4   18    6    0
  1.247511477e-01 1.245022653e-01 1.109529168e-01 1.103854616e-01
  6.443838037e-02 6.703436696e-02 6.694235228e-02 6.502105663e-02
  6.716646332e-02 6.746973682e-02 6.504934340e-02 5.676904722e-02
  5.711671206e-02 5.675966990e-02 5.545661429e-02 5.366415177e-02
  5.279594921e-02 5.364545914e-02 5.542034580e-02 5.668222343e-02
  5.693302001e-02 5.641724215e-02
  5.197338791e+03 1.011474255e+04-2.098218216e+02 3.032210399e+01
 -1.066880479e+01-5.973194063e+00
  0.000000000e+00 0.000000000e+00 0.000000000e+00 0.000000000e+00
  0.000000000e+00 0.000000000e+00 0.000000000e+00 0.000000000e+00
  0.000000000e+00 0.000000000e+00 0.000000000e+00 0.000000000e+00
  1.188181638e-01 1.000000000e-01 4.000000000e+01 8.914571591e-02
  1.119105058e+02 0.000000000e+00 9.990000000e+02 2.974746120e+05
 -1.000000000e+01 1.951972909e+00 0.000000000e+00-1.355660967e-01
 -1.000000000e+01-9.990000000e+02 2.252567586e+00 0.000000000e+00
  2.381344101e-02 4.978657834e-03 1.222776855e+00 2.045375819e+00
  2.647734696e+01 1.000000000e+10-8.900000000e+01-8.900000000e+01
 -8.900000000e+01-8.900000000e+01-8.900000000e+01-8.900000000e+01
  1.657746685e+00-8.900000000e+01-8.900000000e+01-8.900000000e+01
 -8.900000000e+01-8.900000000e+01-8.900000000e+01-8.900000000e+01
 -8.900000000e+01 6.427946954e+02-9.900000000e+01 1.707531253e-01
 -9.900000000e+01 1.678125000e+02 0.000000000e+00 0.000000000e+00
            MAG