08/27/20 13/11/2014
 36000               1
  3.400000000e+02
* 340.000             1               0 OUT   3   2 CLC    39   40
  5.228041095e+00 1.650000000e+02 1.374140543e+00 1.508431854e+05
  1.499461294e+05 1.632952935e+02 5.303993642e-01 4.114124073e+01
  9.987361781e-01-1.864811382e-02-1.864811382e-02 5.428061816e+06
  1.657205489e+02 4.450539271e-01 5.227208399e+00 1.301027693e-01
  4.696319310e-01 9.965235490e-01 4.170924120e-01 2.138060129e-03
  4.261275614e+00 2.565098996e+00 4.781678661e+00 9.280521869e+01
  0.000000000e+00 0.000000000e+00 0.000000000e+00
  0.000000000e+00 0.000000000e+00 0.000000000e+00
  0.000000000e+00 0.000000000e+00
  0.000000000e+00 0.000000000e+00
  1.750898857e+00 7.308123731e-02 1.986413467e+00 9.470716115e-01
  9.895276819e-01 5.249528990e+00-1.602329242e+01-7.761387291e+00
 -1.019450835e-01 1.236080012e-01 5.289501705e-01 8.125789825e+03
  9.127891749e-04 1.013642344e+00 1.956907624e+00 0.000000000e+00
  1.010729035e+00 1.629729244e+00 0.000000000e+00 0.000000000e+00
  -1.000000000e+02-1.012991751e+01 1.357387127e+00 1.353635242e+00
  1.000000000e+02 5.742283474e+00 2.817361606e+01 1.000000000e+03
  1.674994729e+02 4.754814951e-01 1.630097271e-01 0.000000000e+00
  0.000000000e+00 0.000000000e+00 0.000000000e+00 0.000000000e+00
  0.000000000e+00 0.000000000e+00 1.432884390e+00 5.000000000e+00
     4   18    6    0
  1.159873424e-01 1.156018792e-01 1.020055805e-01 1.011251111e-01
  6.394052133e-02 6.649533862e-02 6.635246494e-02 6.438786531e-02
  6.657053800e-02 6.691135982e-02 6.449636681e-02 5.656814560e-02
  5.695126439e-02 5.666101308e-02 5.539504188e-02 5.359499231e-02
  5.274072079e-02 5.366522255e-02 5.553884880e-02 5.683371798e-02
  5.702258277e-02 5.641116932e-02
  4.552113653e+03 1.016158697e+04-4.448092543e+02 4.432734214e+01
  2.266759781e+01 1.293153600e+01
  0.000000000e+00 0.000000000e+00 0.000000000e+00 0.000000000e+00
  0.000000000e+00 0.000000000e+00 0.000000000e+00 0.000000000e+00
  0.000000000e+00 0.000000000e+00 0.000000000e+00 0.000000000e+00
  1.185885705e-01 1.000000000e-01 4.000000000e+01 8.310599294e-02
  1.129607884e+02 0.000000000e+00 9.990000000e+02 3.150547929e+05
 -1.000000000e+01 1.956907624e+00 0.000000000e+00-9.345009615e-02
 -1.000000000e+01-9.990000000e+02 2.259289700e+00 0.000000000e+00
  2.376041954e-02 4.989000578e-03 1.221540527e+00 2.044365342e+00
  2.645873831e+01 1.000000000e+10-8.900000000e+01-8.900000000e+01
 -8.900000000e+01-8.900000000e+01-8.900000000e+01-8.900000000e+01
  1.679388463e+00-8.900000000e+01-8.900000000e+01-8.900000000e+01
 -8.900000000e+01-8.900000000e+01-8.900000000e+01-8.900000000e+01
 -8.900000000e+01 6.357462491e+02-9.900000000e+01 1.618469282e-01
 -9.900000000e+01 1.678125000e+02 0.000000000e+00 0.000000000e+00
            MAG