09/28/22 13/11/2014
   525               1
  1.300000000e+02
* 130.000             1               0  IN   3   2 CLC    39   40
  9.802687777e+00 1.780000000e+02 6.481465181e-01 1.152995680e+05
  1.202558911e+05 1.601942447e+02 3.296228831e+00 5.019072254e+01
  1.054221580e+00 7.854931122e-03 7.854931122e-03 8.488174715e+06
  1.635131051e+02 3.412182731e+00 5.706505679e+00 1.853381948e-01
  4.473886989e-01 9.961948680e-01 3.522126993e-03 2.828607691e+01
  3.000000000e-01 4.160722758e+01 5.282212212e+00 6.109271259e+01
  0.000000000e+00 0.000000000e+00 0.000000000e+00
  0.000000000e+00 0.000000000e+00 0.000000000e+00
  0.000000000e+00 0.000000000e+00
  0.000000000e+00 0.000000000e+00
  1.943757848e+00 4.635389633e-02 1.884424251e+00 1.012742447e+00
  9.297770908e-01 5.861261216e+00-8.443113653e+00-4.423692147e+00
 -6.432032163e-02-1.649978468e-01 8.444267256e-01 4.869935502e+03
  8.946239274e-04 1.060826998e+00 2.015792109e+00 0.000000000e+00
  1.064482608e+00 1.587189437e+00 0.000000000e+00 0.000000000e+00
  8.768019848e+01-8.571553667e+01 2.346496093e+02 1.060207301e+02
 -1.000000000e+02-6.571647611e+00 6.972781927e-01 6.942584622e-01
  1.000000000e+02 1.000000000e+02 3.240693203e+01 1.000000000e+03
  1.661774202e+02 3.446501272e+00-1.340111486e-01 0.000000000e+00
  0.000000000e+00 0.000000000e+00 0.000000000e+00 0.000000000e+00
  0.000000000e+00 0.000000000e+00 1.494951163e+00 5.000000000e+00
    89   40   16    1
 -1.688045278e-01-1.688145068e-01-1.709390334e-01-1.744793063e-01
 -1.780139749e-01-1.806807571e-01-1.819308913e-01-1.830039340e-01
 -1.865394669e-01-1.951214691e-01-2.091231286e-01-2.236183509e-01
 -2.326930886e-01-2.325237609e-01-2.082952212e-01-1.971904546e-01
 -2.003502449e-01-2.085798766e-01-2.107305857e-01-2.029472225e-01
 -1.992742920e-01-2.096320742e-01-2.328182218e-01-2.326662019e-01
 -2.236308752e-01-2.094339538e-01-1.957613549e-01-1.873109395e-01
 -1.838898133e-01-1.827676257e-01-1.817227008e-01-1.792659337e-01
 -1.758274585e-01-1.721035125e-01-1.693302425e-01-1.693117497e-01
 -1.701707893e-01-1.701665470e-01-1.701625344e-01-1.704355459e-01
 -1.704473742e-01-1.724847352e-01-1.758318094e-01-1.758631610e-01
 -1.792162009e-01-1.810251062e-01-1.810084925e-01-1.817437683e-01
 -1.847817134e-01-1.931751081e-01-2.059968547e-01-2.235067624e-01
 -2.354386353e-01-2.390893973e-01-2.343637437e-01-2.175163563e-01
 -2.173602735e-01-2.101672553e-01-1.973264320e-01-1.949680568e-01
 -2.044751887e-01-2.083542749e-01-2.084391745e-01-2.115815942e-01
 -2.138711392e-01-2.111671845e-01-2.110825850e-01-2.071420501e-01
 -1.971947965e-01-1.993802598e-01-2.114474492e-01-2.183676480e-01
 -2.185122553e-01-2.346544958e-01-2.390249484e-01-2.352654230e-01
 -2.235376805e-01-2.063979513e-01-1.948974453e-01-1.859126879e-01
 -1.826114663e-01-1.817869331e-01-1.818888812e-01-1.803182878e-01
 -1.770897745e-01-1.770586495e-01-1.735626102e-01-1.710091193e-01
 -1.709902079e-01
  4.762434197e-02 4.321422751e-02 2.777962547e-02 1.100463971e-02
  2.569577860e-03 6.026953604e-03 1.658741686e-02 3.996044035e-02
  2.770963379e-02 2.340465879e-02 2.349624396e-02 2.802817409e-02
  4.095133478e-02 1.638091761e-02 5.491717091e-03 2.121441447e-03
  7.701703328e-03 2.364557479e-02 3.962564026e-02 4.564664098e-02
  4.182440396e-03 1.156174653e-02 1.795882925e-02 1.632460616e-02
 -1.794905692e-02 1.260461515e-03 1.110886596e-02 7.719046556e-03
 -7.230508055e-03-1.719944652e-03 4.341742341e-03 9.787353765e-03
 -7.021239326e-03-1.153860034e-02-1.922198977e-03 1.700509763e-02
 -1.559465523e-02-1.829048918e-02-1.461740475e-02-8.897022265e-03
  0.000000000e+00 0.000000000e+00-2.119935859e-03 2.112153812e-03
  0.000000000e+00-9.426492033e+03 0.000000000e+00-1.363402312e+03
  0.000000000e+00 0.000000000e+00-2.119935859e-03 2.112153812e-03
  0.000000000e+00-9.407003115e+03 0.000000000e+00-1.437846346e+03
 -1.898279393e+04
  0.000000000e+00 0.000000000e+00 0.000000000e+00 0.000000000e+00
  0.000000000e+00 0.000000000e+00 0.000000000e+00 0.000000000e+00
  0.000000000e+00 0.000000000e+00 0.000000000e+00 0.000000000e+00
  1.208261454e-01 1.000000000e-01 4.000000000e+01-8.264069677e-02
  1.125023767e+02 0.000000000e+00 9.990000000e+02 1.525394051e+05
 -1.000000000e+01 2.015792109e+00 0.000000000e+00-1.265753753e-01
 -1.000000000e+01-9.990000000e+02 2.496461912e+00 0.000000000e+00
  2.425046854e-02 4.860737302e-03 1.100892451e+00 2.102596833e+00
  3.276892684e+01 1.000000000e+10-8.900000000e+01-8.900000000e+01
 -8.900000000e+01-8.900000000e+01-8.900000000e+01-8.900000000e+01
  1.802392414e+00-8.900000000e+01-8.900000000e+01-8.900000000e+01
 -8.900000000e+01-8.900000000e+01-8.900000000e+01-8.900000000e+01
 -8.900000000e+01 7.715752632e+02-9.900000000e+01-9.900000000e+01
 -9.900000000e+01-9.900000000e+01 0.000000000e+00 0.000000000e+00
            MAG