 0.000000000e+00 6.535222261e-02 9.412723989e-02 1.163500474e-01 1.349709680e-01
 1.515780694e-01 1.663888043e-01 1.802672223e-01 1.931516315e-01 2.052328062e-01
 2.167786434e-01 2.278784649e-01 2.384041706e-01 2.485459957e-01 2.584251233e-01
 2.680126821e-01 2.772534072e-01 2.862646710e-01 2.950502750e-01 3.036983758e-01
 3.121428818e-01 3.203607694e-01 3.284460266e-01 3.363963561e-01 3.442308954e-01
 3.519512221e-01 3.595190084e-01 3.669720692e-01 3.743323445e-01 3.816133078e-01
 3.888266916e-01 3.959355560e-01 4.029500277e-01 4.098857580e-01 4.167650329e-01
 4.235897742e-01 4.303532465e-01 4.370543651e-01 4.436940181e-01 4.502738865e-01
 4.567965423e-01 4.632887123e-01 4.697472733e-01 4.761630258e-01 4.825248292e-01
 4.888431703e-01 4.951256105e-01 5.013804271e-01 5.076051074e-01 5.138027778e-01
 5.199775302e-01 5.261155773e-01 5.322199402e-01 5.383043691e-01 5.443668758e-01
 5.504075325e-01 5.564319882e-01 5.624505283e-01 5.684369966e-01 5.744000820e-01
 5.803495766e-01 5.862903071e-01 5.922181339e-01 5.981335362e-01 6.040428930e-01
 6.099382253e-01 6.158200985e-01 6.216987785e-01 6.275659058e-01 6.334242370e-01
 6.392817836e-01 6.451399954e-01 6.509944585e-01 6.568374597e-01 6.626836365e-01
 6.685277331e-01 6.743655417e-01 6.802116104e-01 6.860585321e-01 6.919071125e-01
 6.977586994e-01 7.036155475e-01 7.094734206e-01 7.153336105e-01 7.212077673e-01
 7.270896281e-01 7.329698820e-01 7.388646145e-01 7.447715277e-01 7.506862834e-01
 7.566122758e-01 7.625507105e-01 7.684996199e-01 7.744609739e-01 7.804427813e-01
 7.864381226e-01 7.924423150e-01 7.984717390e-01 8.045241458e-01 8.105867540e-01
 8.166701380e-01 8.227772248e-01 8.289019638e-01 8.350498024e-01 8.412276308e-01
 8.474306697e-01 8.536518674e-01 8.599107278e-01 8.661956323e-01 8.725002604e-01
 8.788403835e-01 8.852123216e-01 8.916219207e-01 8.980706983e-01 9.045516534e-01
 9.110647947e-01 9.176221369e-01 9.242173379e-01 9.308465655e-01 9.375359061e-01
 9.442683486e-01 9.510438978e-01 9.578783605e-01 9.647533585e-01 9.716738727e-01
 9.786636426e-01 9.857107368e-01 9.928234956e-01 1.000000000e+00
 1.100037248e+00 1.107878903e+00 1.115720557e+00 1.123562212e+00 1.131403866e+00
 1.139245521e+00 1.147087175e+00 1.154928830e+00 1.162770484e+00 1.170612139e+00
 1.178453794e+00 1.186295448e+00 1.194137103e+00 1.201978757e+00 1.209820412e+00
 1.217662066e+00 1.225503721e+00 1.233345375e+00 1.241187030e+00 1.249028684e+00
 1.256870339e+00 1.264711993e+00 1.272553648e+00 1.280395302e+00 1.288236957e+00
 1.296078612e+00 1.303920266e+00 1.311761921e+00 1.319603575e+00 1.327445230e+00
 1.335286884e+00 1.343128539e+00 1.350970193e+00 1.358811848e+00 1.366653502e+00
 1.374495157e+00 1.382336811e+00 1.390178466e+00 1.398020121e+00 1.405861775e+00
 1.413703430e+00 1.421545084e+00 1.429386739e+00 1.437228393e+00 1.445070048e+00
 1.452911702e+00 1.460753357e+00 1.468595011e+00 1.476436666e+00 1.484278320e+00
 1.492119975e+00 1.499961630e+00 1.507803284e+00 1.515644939e+00 1.523486593e+00
 1.531328248e+00 1.539169902e+00 1.547011557e+00 1.554853211e+00 1.562694866e+00
 1.570536520e+00 1.578378175e+00 1.586219829e+00 1.594061484e+00 1.601903139e+00
 1.609744793e+00 1.617586448e+00 1.625428102e+00 1.633269757e+00 1.641111411e+00
 1.648953066e+00 1.656794720e+00 1.664636375e+00 1.672478029e+00 1.680319684e+00
 1.688161338e+00 1.696002993e+00 1.703844647e+00 1.711686302e+00 1.719527957e+00
 1.727369611e+00 1.735211266e+00 1.743052920e+00 1.750894575e+00 1.758736229e+00
 1.766577884e+00 1.774419538e+00 1.782261193e+00 1.790102847e+00 1.797944502e+00
 1.805786156e+00 1.813627811e+00 1.821469466e+00 1.829311120e+00 1.837152775e+00
 1.844994429e+00 1.852836084e+00 1.860677738e+00 1.868519393e+00 1.876361047e+00
 1.884202702e+00 1.892044356e+00 1.899886011e+00 1.907727665e+00 1.915569320e+00
 1.923410975e+00 1.931252629e+00 1.939094284e+00 1.946935938e+00 1.954777593e+00
 1.962619247e+00 1.970460902e+00 1.978302556e+00 1.986144211e+00 1.993985865e+00
 2.001827520e+00 2.009669174e+00 2.017510829e+00 2.025352483e+00 2.033194138e+00
 2.041035793e+00 2.048877447e+00 2.056719102e+00 2.064560756e+00 2.072402411e+00
 2.080244065e+00 2.088085720e+00 2.095927374e+00 2.103769029e+00
 1.825926038e-05 3.128465746e-01 1.265559300e+00 2.892799782e+00 5.228429859e+00
 8.305565208e+00 1.215620158e+01 1.681114628e+01 2.229991411e+01 2.865051487e+01
 3.588933614e+01 4.404097300e+01 5.312808740e+01 6.317126851e+01 7.418885096e+01
 8.619682006e+01 9.920862643e+01 1.132350680e+02 1.282841759e+02 1.443610356e+02
 1.614677320e+02 1.796031824e+02 1.987630482e+02 2.189396635e+02 2.401218816e+02
 2.622950712e+02 2.854409897e+02 3.095377410e+02 3.345597597e+02 3.604777087e+02
 3.872585325e+02 4.148653954e+02 4.432576982e+02 4.723911283e+02 5.022176343e+02
 5.326855371e+02 5.637395530e+02 5.953208838e+02 6.273673316e+02 6.598133761e+02
 6.925903390e+02 7.256265030e+02 7.588472872e+02 7.921754169e+02 8.255311222e+02
 8.588323454e+02 8.919949555e+02 9.249330178e+02 9.575589958e+02 9.897840817e+02
 1.021518430e+03 1.052671455e+03 1.083152192e+03 1.112869503e+03 1.141732538e+03
 1.169650965e+03 1.196535328e+03 1.222297494e+03 1.246850818e+03 1.270110713e+03
 1.291994865e+03 1.312423589e+03 1.331320362e+03 1.348611891e+03 1.364228765e+03
 1.378105617e+03 1.390181437e+03 1.400400153e+03 1.408710564e+03 1.415067017e+03
 1.419429500e+03 1.421763843e+03 1.422042312e+03 1.420243375e+03 1.416352339e+03
 1.410361345e+03 1.402269410e+03 1.392082987e+03 1.379815537e+03 1.365488060e+03
 1.349128980e+03 1.330773980e+03 1.310466482e+03 1.288257013e+03 1.264203585e+03
 1.238371443e+03 1.210832684e+03 1.181666604e+03 1.150958883e+03 1.118801760e+03
 1.085293657e+03 1.050538575e+03 1.014646289e+03 9.777313787e+02 9.399131877e+02
 9.013153363e+02 8.620649380e+02 8.222926168e+02 7.821314565e+02 7.417167531e+02
 7.011854460e+02 6.606752266e+02 6.203243875e+02 5.802707707e+02 5.406513613e+02
 5.016016843e+02 4.632548975e+02 4.257415145e+02 3.891884397e+02 3.537184849e+02
 3.194497912e+02 2.864950137e+02 2.549609863e+02 2.249479338e+02 1.965490120e+02
 1.698498273e+02 1.449278154e+02 1.218519401e+02 1.006821620e+02 8.146910809e+01
 6.425375647e+01 4.906711079e+01 3.593004661e+01 2.485300654e+01 1.583596898e+01
 8.868562153e+00 3.929592570e+00 9.872756081e-01 1.798938057e-04
 1.100037248e+00 1.107878903e+00 1.115720557e+00 1.123562212e+00 1.131403866e+00
 1.139245521e+00 1.147087175e+00 1.154928830e+00 1.162770484e+00 1.170612139e+00
 1.178453794e+00 1.186295448e+00 1.194137103e+00 1.201978757e+00 1.209820412e+00
 1.217662066e+00 1.225503721e+00 1.233345375e+00 1.241187030e+00 1.249028684e+00
 1.256870339e+00 1.264711993e+00 1.272553648e+00 1.280395302e+00 1.288236957e+00
 1.296078612e+00 1.303920266e+00 1.311761921e+00 1.319603575e+00 1.327445230e+00
 1.335286884e+00 1.343128539e+00 1.350970193e+00 1.358811848e+00 1.366653502e+00
 1.374495157e+00 1.382336811e+00 1.390178466e+00 1.398020121e+00 1.405861775e+00
 1.413703430e+00 1.421545084e+00 1.429386739e+00 1.437228393e+00 1.445070048e+00
 1.452911702e+00 1.460753357e+00 1.468595011e+00 1.476436666e+00 1.484278320e+00
 1.492119975e+00 1.499961630e+00 1.507803284e+00 1.515644939e+00 1.523486593e+00
 1.531328248e+00 1.539169902e+00 1.547011557e+00 1.554853211e+00 1.562694866e+00
 1.570536520e+00 1.578378175e+00 1.586219829e+00 1.594061484e+00 1.601903139e+00
 1.609744793e+00 1.617586448e+00 1.625428102e+00 1.633269757e+00 1.641111411e+00
 1.648953066e+00 1.656794720e+00 1.664636375e+00 1.672478029e+00 1.680319684e+00
 1.688161338e+00 1.696002993e+00 1.703844647e+00 1.711686302e+00 1.719527957e+00
 1.727369611e+00 1.735211266e+00 1.743052920e+00 1.750894575e+00 1.758736229e+00
 1.766577884e+00 1.774419538e+00 1.782261193e+00 1.790102847e+00 1.797944502e+00
 1.805786156e+00 1.813627811e+00 1.821469466e+00 1.829311120e+00 1.837152775e+00
 1.844994429e+00 1.852836084e+00 1.860677738e+00 1.868519393e+00 1.876361047e+00
 1.884202702e+00 1.892044356e+00 1.899886011e+00 1.907727665e+00 1.915569320e+00
 1.923410975e+00 1.931252629e+00 1.939094284e+00 1.946935938e+00 1.954777593e+00
 1.962619247e+00 1.970460902e+00 1.978302556e+00 1.986144211e+00 1.993985865e+00
 2.001827520e+00 2.009669174e+00 2.017510829e+00 2.025352483e+00 2.033194138e+00
 2.041035793e+00 2.048877447e+00 2.056719102e+00 2.064560756e+00 2.072402411e+00
 2.080244065e+00 2.088085720e+00 2.095927374e+00 2.103769029e+00
 5.859788142e+00 5.674751205e+00 5.499102311e+00 5.333072253e+00 5.175582932e+00
 5.026072222e+00 4.883993803e+00 4.748612931e+00 4.619768868e+00 4.496930140e+00
 4.379803410e+00 4.268194302e+00 4.161525699e+00 4.059727723e+00 3.962440940e+00
 3.869463869e+00 3.780494002e+00 3.695392448e+00 3.614002123e+00 3.536023451e+00
 3.461284187e+00 3.389857811e+00 3.321313010e+00 3.255577345e+00 3.192621492e+00
 3.132306246e+00 3.074341507e+00 3.018804141e+00 2.965618062e+00 2.914477251e+00
 2.865452702e+00 2.818486884e+00 2.773436965e+00 2.730070543e+00 2.688754924e+00
 2.648943629e+00 2.610756029e+00 2.574261962e+00 2.539319981e+00 2.505730507e+00
 2.473526918e+00 2.442980966e+00 2.413455949e+00 2.385398502e+00 2.358697000e+00
 2.332990642e+00 2.308591352e+00 2.285363920e+00 2.263278686e+00 2.242275330e+00
 2.222238978e+00 2.203572709e+00 2.185864187e+00 2.168584564e+00 2.153101169e+00
 2.138160868e+00 2.124652565e+00 2.111409982e+00 2.100008669e+00 2.089282935e+00
 2.079358856e+00 2.071606893e+00 2.064266574e+00 2.059284612e+00 2.055733961e+00
 2.056351169e+00 2.062118638e+00 2.063181120e+00 2.055596768e+00 2.041848770e+00
 2.027358242e+00 2.017672026e+00 2.016420610e+00 2.024141647e+00 2.038042998e+00
 2.052781971e+00 2.062314629e+00 2.062859111e+00 2.057003465e+00 2.055536939e+00
 2.059159896e+00 2.064461645e+00 2.072351143e+00 2.080932354e+00 2.092051059e+00
 2.103832255e+00 2.117203545e+00 2.132195931e+00 2.148035429e+00 2.165403923e+00
 2.184699583e+00 2.204878819e+00 2.226588236e+00 2.249794658e+00 2.275067758e+00
 2.301933242e+00 2.330590699e+00 2.361260430e+00 2.393804268e+00 2.428384851e+00
 2.465499509e+00 2.504877688e+00 2.546829432e+00 2.591412872e+00 2.638960575e+00
 2.689588043e+00 2.743334118e+00 2.800818496e+00 2.862064294e+00 2.927421217e+00
 2.997199970e+00 3.071819446e+00 3.151659348e+00 3.237127392e+00 3.328884064e+00
 3.427443132e+00 3.533428764e+00 3.647686583e+00 3.771087160e+00 3.904652815e+00
 4.049566164e+00 4.207190554e+00 4.379198512e+00 4.567583260e+00 4.774585986e+00
 5.002851133e+00 5.256027029e+00 5.538697105e+00 5.856640017e+00
 1.000000000e+00 1.013000000e+00 1.026000000e+00 1.039000000e+00 1.052000000e+00
 1.065000000e+00 1.078000000e+00 1.091000000e+00 1.104000000e+00 1.117000000e+00
 1.130000000e+00 1.143000000e+00 1.156000000e+00 1.169000000e+00 1.182000000e+00
 1.195000000e+00 1.208000000e+00 1.221000000e+00 1.234000000e+00 1.247000000e+00
 1.260000000e+00 1.273000000e+00 1.286000000e+00 1.299000000e+00 1.312000000e+00
 1.325000000e+00 1.338000000e+00 1.351000000e+00 1.364000000e+00 1.377000000e+00
 1.390000000e+00 1.403000000e+00 1.416000000e+00 1.429000000e+00 1.442000000e+00
 1.455000000e+00 1.468000000e+00 1.481000000e+00 1.494000000e+00 1.507000000e+00
 1.520000000e+00 1.533000000e+00 1.546000000e+00 1.559000000e+00 1.572000000e+00
 1.585000000e+00 1.598000000e+00 1.611000000e+00 1.624000000e+00 1.637000000e+00
 1.650000000e+00 1.663000000e+00 1.676000000e+00 1.689000000e+00 1.702000000e+00
 1.715000000e+00 1.728000000e+00 1.741000000e+00 1.754000000e+00 1.767000000e+00
 1.780000000e+00 1.793000000e+00 1.806000000e+00 1.819000000e+00 1.832000000e+00
 1.845000000e+00 1.858000000e+00 1.871000000e+00 1.884000000e+00 1.897000000e+00
 1.910000000e+00 1.923000000e+00 1.936000000e+00 1.949000000e+00 1.962000000e+00
 1.975000000e+00 1.988000000e+00 2.001000000e+00 2.014000000e+00 2.027000000e+00
 2.040000000e+00 2.053000000e+00 2.066000000e+00 2.079000000e+00 2.092000000e+00
 2.105000000e+00 2.118000000e+00 2.131000000e+00 2.144000000e+00 2.157000000e+00
 2.170000000e+00 2.183000000e+00 2.196000000e+00 2.209000000e+00 2.222000000e+00
 2.235000000e+00 2.248000000e+00 2.261000000e+00 2.274000000e+00 2.287000000e+00
 2.300000000e+00 2.313000000e+00 2.326000000e+00 2.339000000e+00 2.352000000e+00
 2.365000000e+00 2.378000000e+00 2.391000000e+00 2.404000000e+00 2.417000000e+00
 2.430000000e+00 2.443000000e+00 2.456000000e+00 2.469000000e+00 2.482000000e+00
 2.495000000e+00 2.508000000e+00 2.521000000e+00 2.534000000e+00 2.547000000e+00
 2.560000000e+00 2.573000000e+00 2.586000000e+00 2.599000000e+00 2.612000000e+00
 2.625000000e+00 2.638000000e+00 2.651000000e+00 2.664000000e+00
 0.000000000e+00 0.000000000e+00 0.000000000e+00 0.000000000e+00 0.000000000e+00
 0.000000000e+00 0.000000000e+00 0.000000000e+00 2.122476620e+03 1.122926707e+04
 2.051529104e+04 2.996818768e+04 3.957486468e+04 4.932149129e+04 5.919349918e+04
 6.917558778e+04 7.925173282e+04 8.940519777e+04 9.961854809e+04 1.098736682e+05
 1.201517816e+05 1.304334734e+05 1.406987170e+05 1.509269025e+05 1.610968697e+05
 1.711869435e+05 1.811749732e+05 1.910383743e+05 2.007541751e+05 2.102990652e+05
 2.196494487e+05 2.287814998e+05 2.376712224e+05 2.462945129e+05 2.546272262e+05
 2.626452448e+05 2.703245511e+05 2.776413028e+05 2.845719109e+05 2.910931206e+05
 2.971820946e+05 3.028164988e+05 3.079745896e+05 3.126353042e+05 3.167783513e+05
 3.203843036e+05 3.234346914e+05 3.259120965e+05 3.278002472e+05 3.290841118e+05
 3.297499935e+05 3.297856228e+05 3.291802494e+05 3.279247323e+05 3.260116277e+05
 3.234352737e+05 3.201918725e+05 3.162795683e+05 3.116985215e+05 3.064509774e+05
 3.005413302e+05 2.939761812e+05 2.867643897e+05 2.789171184e+05 2.704478697e+05
 2.613725154e+05 2.517093172e+05 2.414789378e+05 2.307044434e+05 2.194112958e+05
 2.076273336e+05 1.953827431e+05 1.827100184e+05 1.696439086e+05 1.562213548e+05
 1.424814136e+05 1.284651693e+05 1.142156331e+05 9.977763011e+04 8.519767338e+04
 7.052382590e+04 5.580554973e+04 4.109354253e+04 2.643956080e+04 1.189622777e+04
 0.000000000e+00 0.000000000e+00 0.000000000e+00 0.000000000e+00 0.000000000e+00
 0.000000000e+00 0.000000000e+00 0.000000000e+00 0.000000000e+00 0.000000000e+00
 0.000000000e+00 0.000000000e+00 0.000000000e+00 0.000000000e+00 0.000000000e+00
 0.000000000e+00 0.000000000e+00 0.000000000e+00 0.000000000e+00 0.000000000e+00
 0.000000000e+00 0.000000000e+00 0.000000000e+00 0.000000000e+00 0.000000000e+00
 0.000000000e+00 0.000000000e+00 0.000000000e+00 0.000000000e+00 0.000000000e+00
 0.000000000e+00 0.000000000e+00 0.000000000e+00 0.000000000e+00 0.000000000e+00
 0.000000000e+00 0.000000000e+00 0.000000000e+00 0.000000000e+00 0.000000000e+00
 0.000000000e+00 0.000000000e+00 0.000000000e+00 0.000000000e+00
    2
 0.000000000e+00 0.000000000e+00 0.000000000e+00 0.000000000e+00 0.000000000e+00
 0.000000000e+00 0.000000000e+00 0.000000000e+00 0.000000000e+00 0.000000000e+00
 0.000000000e+00 0.000000000e+00 0.000000000e+00 0.000000000e+00 0.000000000e+00
 0.000000000e+00 0.000000000e+00 0.000000000e+00 0.000000000e+00 0.000000000e+00
 0.000000000e+00 0.000000000e+00 0.000000000e+00 0.000000000e+00 0.000000000e+00
 0.000000000e+00 0.000000000e+00 0.000000000e+00 0.000000000e+00 0.000000000e+00
 0.000000000e+00 0.000000000e+00 0.000000000e+00 0.000000000e+00 0.000000000e+00
 0.000000000e+00 0.000000000e+00 0.000000000e+00 0.000000000e+00 0.000000000e+00
 0.000000000e+00 0.000000000e+00 0.000000000e+00 0.000000000e+00 0.000000000e+00
 0.000000000e+00 0.000000000e+00 0.000000000e+00 0.000000000e+00 0.000000000e+00
 0.000000000e+00 0.000000000e+00 0.000000000e+00 0.000000000e+00 0.000000000e+00
 0.000000000e+00 0.000000000e+00 0.000000000e+00 0.000000000e+00 0.000000000e+00
 0.000000000e+00 0.000000000e+00 0.000000000e+00 0.000000000e+00 0.000000000e+00
 0.000000000e+00 0.000000000e+00 0.000000000e+00 0.000000000e+00 0.000000000e+00
 0.000000000e+00 0.000000000e+00 0.000000000e+00 0.000000000e+00 0.000000000e+00
 0.000000000e+00 0.000000000e+00 0.000000000e+00 0.000000000e+00 0.000000000e+00
 0.000000000e+00 0.000000000e+00 0.000000000e+00 0.000000000e+00 0.000000000e+00
 0.000000000e+00 0.000000000e+00 0.000000000e+00 0.000000000e+00 0.000000000e+00
 0.000000000e+00 0.000000000e+00 0.000000000e+00 0.000000000e+00 0.000000000e+00
 0.000000000e+00 0.000000000e+00 0.000000000e+00 0.000000000e+00 0.000000000e+00
 0.000000000e+00 0.000000000e+00 0.000000000e+00 0.000000000e+00 0.000000000e+00
 0.000000000e+00 0.000000000e+00 0.000000000e+00 0.000000000e+00 0.000000000e+00
 0.000000000e+00 0.000000000e+00 0.000000000e+00 0.000000000e+00 0.000000000e+00
 0.000000000e+00 0.000000000e+00 0.000000000e+00 0.000000000e+00 0.000000000e+00
 0.000000000e+00 0.000000000e+00 0.000000000e+00 0.000000000e+00 0.000000000e+00
 0.000000000e+00 0.000000000e+00 0.000000000e+00 0.000000000e+00
