09/28/22 13/11/2014
   525               1
  1.350000000e+02
* 135.000             1               0  IN   3   2 CLC    39   40
  8.551184541e+00 1.780000000e+02 6.485333715e-01 1.230378295e+05
  1.288368190e+05 1.597030441e+02 3.377076716e+00 4.970148057e+01
  1.055847912e+00-1.950764771e-03 2.420539768e-02 8.304750553e+06
  1.623941764e+02 3.475284621e+00 5.228880013e+00 1.771860835e-01
  3.683704524e-01 9.938693688e-01 1.563532217e-03 2.924843032e+01
  3.000000000e-01 4.192515700e+01 4.841125058e+00 6.111544392e+01
  0.000000000e+00 0.000000000e+00 0.000000000e+00
  0.000000000e+00 0.000000000e+00 0.000000000e+00
  0.000000000e+00 0.000000000e+00
  0.000000000e+00 0.000000000e+00
  1.897492948e+00 5.013159784e-02 1.885706894e+00 8.445772390e-01
  9.254841980e-01 5.358537739e+00-8.436330979e+00-4.638766433e+00
 -6.605246221e-02-1.664143817e-01 8.286538558e-01 4.588659932e+03
  9.227028188e-04 1.059242353e+00 1.887564594e+00 0.000000000e+00
  1.065225832e+00 1.569477992e+00 0.000000000e+00 0.000000000e+00
  2.335929037e+02-1.062040950e+02 2.350162625e+02 1.067140808e+02
 -1.000000000e+02-6.784728518e+00 7.034304323e-01 6.994407683e-01
  1.000000000e+02 1.258838300e+01 3.490233375e+01 1.000000000e+03
  1.650446262e+02 3.504521964e+00-1.334511086e-01 0.000000000e+00
  0.000000000e+00 0.000000000e+00 0.000000000e+00 0.000000000e+00
  0.000000000e+00 0.000000000e+00 1.486171100e+00 5.000000000e+00
    89   40   16    1
 -1.706114385e-01-1.706224757e-01-1.729813250e-01-1.769022026e-01
 -1.808111216e-01-1.837911191e-01-1.853044193e-01-1.864960551e-01
 -1.901991668e-01-1.990580194e-01-2.134514382e-01-2.283261881e-01
 -2.376306790e-01-2.374435956e-01-2.125249362e-01-2.010871485e-01
 -2.044061315e-01-2.129643671e-01-2.150622763e-01-2.070417331e-01
 -2.033725557e-01-2.141105064e-01-2.380413930e-01-2.379000574e-01
 -2.286143672e-01-2.140088764e-01-1.999137547e-01-1.911563665e-01
 -1.875556471e-01-1.863003107e-01-1.849932464e-01-1.822332209e-01
 -1.784285863e-01-1.743042664e-01-1.712111865e-01-1.711904463e-01
 -1.721210713e-01-1.721162302e-01-1.721116457e-01-1.724097174e-01
 -1.724228293e-01-1.746853599e-01-1.783964231e-01-1.784311707e-01
 -1.821620357e-01-1.842680509e-01-1.843934438e-01-1.852359597e-01
 -1.884209769e-01-1.970886524e-01-2.102711092e-01-2.282427475e-01
 -2.404808476e-01-2.442155711e-01-2.393534704e-01-2.220339556e-01
 -2.218735407e-01-2.144753474e-01-2.012540290e-01-1.988224956e-01
 -2.087204326e-01-2.127548546e-01-2.128430932e-01-2.161048453e-01
 -2.183288726e-01-2.155390779e-01-2.154519165e-01-2.113900316e-01
 -2.012042718e-01-2.035083501e-01-2.160104701e-01-2.231549786e-01
 -2.233041454e-01-2.399510665e-01-2.444620582e-01-2.406086480e-01
 -2.285521310e-01-2.109164437e-01-1.990595574e-01-1.897502564e-01
 -1.862731687e-01-1.853243043e-01-1.852801839e-01-1.834200229e-01
 -1.798210955e-01-1.797865900e-01-1.759094062e-01-1.730632669e-01
 -1.730420979e-01
  5.251645797e-02 4.760150305e-02 3.055835923e-02 1.242135712e-02
  3.060306374e-03 6.642290960e-03 1.758434416e-02 4.183432855e-02
  2.903358565e-02 2.453114152e-02 2.459463470e-02 2.926077107e-02
  4.260327411e-02 1.725516685e-02 6.027046247e-03 2.587763508e-03
  8.733292269e-03 2.590297192e-02 4.349286036e-02 5.024005769e-02
  4.620094547e-03 1.284555889e-02 1.985934386e-02 1.803487643e-02
 -1.849544586e-02 1.325245725e-03 1.156416570e-02 8.036849550e-03
 -7.559131331e-03-1.854135655e-03 4.418507353e-03 1.006207714e-02
 -7.253436268e-03-1.185042541e-02-1.879672956e-03 1.764273510e-02
 -1.725009971e-02-2.021515118e-02-1.630175399e-02-9.987225260e-03
  0.000000000e+00 0.000000000e+00-2.119935859e-03 2.112153812e-03
  0.000000000e+00-9.671922483e+03 0.000000000e+00-1.417976561e+03
  0.000000000e+00 0.000000000e+00-2.119935859e-03 2.112153812e-03
  0.000000000e+00-9.672741518e+03 0.000000000e+00-1.484271751e+03
 -1.938865223e+04
  0.000000000e+00 0.000000000e+00 0.000000000e+00 0.000000000e+00
  0.000000000e+00 0.000000000e+00 0.000000000e+00 0.000000000e+00
  0.000000000e+00 0.000000000e+00 0.000000000e+00 0.000000000e+00
  1.215797460e-01 1.000000000e-01 4.000000000e+01-8.946897329e-02
  1.109523964e+02 0.000000000e+00 9.990000000e+02 1.369571682e+05
 -1.000000000e+01 1.887564594e+00 0.000000000e+00-9.027762271e-02
 -1.000000000e+01-9.990000000e+02 2.444285370e+00 0.000000000e+00
  2.442831239e-02 4.791127349e-03 1.100945469e+00 2.092754103e+00
  3.236478152e+01 1.000000000e+10-8.900000000e+01-8.900000000e+01
 -8.900000000e+01-8.900000000e+01-8.900000000e+01-8.900000000e+01
  1.714135156e+00-8.900000000e+01-8.900000000e+01-8.900000000e+01
 -8.900000000e+01-8.900000000e+01-8.900000000e+01-8.900000000e+01
 -8.900000000e+01 6.890717457e+02-9.900000000e+01-1.365266092e-01
 -9.900000000e+01 1.650000000e+02 0.000000000e+00 0.000000000e+00
            MAG