 0.000000000e+00 6.525291223e-02 9.398986947e-02 1.162337746e-01 1.348371639e-01
 1.514749176e-01 1.662495982e-01 1.801105286e-01 1.930268558e-01 2.050896880e-01
 2.166240443e-01 2.277313889e-01 2.382517721e-01 2.484012513e-01 2.582506163e-01
 2.678568845e-01 2.771110240e-01 2.861073729e-01 2.948960354e-01 3.035285616e-01
 3.119912849e-01 3.202145276e-01 3.282937158e-01 3.362470722e-01 3.440701703e-01
 3.518011852e-01 3.593830497e-01 3.668358691e-01 3.741922962e-01 3.814736089e-01
 3.886828713e-01 3.958071468e-01 4.028243510e-01 4.097719108e-01 4.166501562e-01
 4.234641215e-01 4.302338365e-01 4.369523192e-01 4.435931693e-01 4.501771796e-01
 4.567101462e-01 4.631969264e-01 4.696568604e-01 4.760783094e-01 4.824490869e-01
 4.887771401e-01 4.950672493e-01 5.013243841e-01 5.075486697e-01 5.137499502e-01
 5.199289045e-01 5.260779507e-01 5.321937928e-01 5.382822511e-01 5.443440967e-01
 5.503923333e-01 5.564244980e-01 5.624388195e-01 5.684375148e-01 5.744128995e-01
 5.803688543e-01 5.863100562e-01 5.922457337e-01 5.981663263e-01 6.040721398e-01
 6.099783634e-01 6.158770041e-01 6.217562391e-01 6.276252031e-01 6.334930709e-01
 6.393571234e-01 6.452154663e-01 6.510734214e-01 6.569296480e-01 6.627802117e-01
 6.686258809e-01 6.744771430e-01 6.803254069e-01 6.861712987e-01 6.920285030e-01
 6.978868736e-01 7.037466515e-01 7.096080328e-01 7.154800731e-01 7.213577003e-01
 7.272360976e-01 7.331256479e-01 7.390268352e-01 7.449330935e-01 7.508535136e-01
 7.567837004e-01 7.627236617e-01 7.686747658e-01 7.746461321e-01 7.806289997e-01
 7.866218591e-01 7.926302345e-01 7.986656467e-01 8.047135983e-01 8.107768295e-01
 8.168672800e-01 8.229741062e-01 8.290989071e-01 8.352508638e-01 8.414241177e-01
 8.476200288e-01 8.538442619e-01 8.601047877e-01 8.663863787e-01 8.726907122e-01
 8.790303330e-01 8.853982971e-01 8.917981542e-01 8.982419360e-01 9.047154044e-01
 9.112271289e-01 9.177821886e-01 9.243700077e-01 9.309921994e-01 9.376658148e-01
 9.443856528e-01 9.511522023e-01 9.579756958e-01 9.648414172e-01 9.717548997e-01
 9.787301011e-01 9.857531274e-01 9.928373049e-01 1.000000000e+00
 1.100031697e+00 1.107796796e+00 1.115561895e+00 1.123326993e+00 1.131092092e+00
 1.138857190e+00 1.146622289e+00 1.154387388e+00 1.162152486e+00 1.169917585e+00
 1.177682683e+00 1.185447782e+00 1.193212881e+00 1.200977979e+00 1.208743078e+00
 1.216508176e+00 1.224273275e+00 1.232038374e+00 1.239803472e+00 1.247568571e+00
 1.255333669e+00 1.263098768e+00 1.270863867e+00 1.278628965e+00 1.286394064e+00
 1.294159162e+00 1.301924261e+00 1.309689359e+00 1.317454458e+00 1.325219557e+00
 1.332984655e+00 1.340749754e+00 1.348514852e+00 1.356279951e+00 1.364045050e+00
 1.371810148e+00 1.379575247e+00 1.387340345e+00 1.395105444e+00 1.402870543e+00
 1.410635641e+00 1.418400740e+00 1.426165838e+00 1.433930937e+00 1.441696036e+00
 1.449461134e+00 1.457226233e+00 1.464991331e+00 1.472756430e+00 1.480521529e+00
 1.488286627e+00 1.496051726e+00 1.503816824e+00 1.511581923e+00 1.519347022e+00
 1.527112120e+00 1.534877219e+00 1.542642317e+00 1.550407416e+00 1.558172515e+00
 1.565937613e+00 1.573702712e+00 1.581467810e+00 1.589232909e+00 1.596998007e+00
 1.604763106e+00 1.612528205e+00 1.620293303e+00 1.628058402e+00 1.635823500e+00
 1.643588599e+00 1.651353698e+00 1.659118796e+00 1.666883895e+00 1.674648993e+00
 1.682414092e+00 1.690179191e+00 1.697944289e+00 1.705709388e+00 1.713474486e+00
 1.721239585e+00 1.729004684e+00 1.736769782e+00 1.744534881e+00 1.752299979e+00
 1.760065078e+00 1.767830177e+00 1.775595275e+00 1.783360374e+00 1.791125472e+00
 1.798890571e+00 1.806655670e+00 1.814420768e+00 1.822185867e+00 1.829950965e+00
 1.837716064e+00 1.845481162e+00 1.853246261e+00 1.861011360e+00 1.868776458e+00
 1.876541557e+00 1.884306655e+00 1.892071754e+00 1.899836853e+00 1.907601951e+00
 1.915367050e+00 1.923132148e+00 1.930897247e+00 1.938662346e+00 1.946427444e+00
 1.954192543e+00 1.961957641e+00 1.969722740e+00 1.977487839e+00 1.985252937e+00
 1.993018036e+00 2.000783134e+00 2.008548233e+00 2.016313332e+00 2.024078430e+00
 2.031843529e+00 2.039608627e+00 2.047373726e+00 2.055138825e+00 2.062903923e+00
 2.070669022e+00 2.078434120e+00 2.086199219e+00 2.093964317e+00
 1.948457954e-05 3.178154301e-01 1.285355703e+00 2.937607503e+00 5.308582986e+00
 8.431399000e+00 1.233787097e+01 1.705844003e+01 2.262206988e+01 2.905603090e+01
 3.638577681e+01 4.463476869e+01 5.382434749e+01 6.397357724e+01 7.509908164e+01
 8.721494779e+01 1.003325352e+02 1.144603912e+02 1.296041099e+02 1.457661956e+02
 1.629460049e+02 1.811395780e+02 2.003396056e+02 2.205353184e+02 2.417124011e+02
 2.638529816e+02 2.869355104e+02 3.109347874e+02 3.358219007e+02 3.615642111e+02
 3.881253918e+02 4.154653848e+02 4.435404879e+02 4.723033627e+02 5.017031013e+02
 5.316853193e+02 5.621922126e+02 5.931626976e+02 6.245325063e+02 6.562343388e+02
 6.881980064e+02 7.203506070e+02 7.526167015e+02 7.849185113e+02 8.171761473e+02
 8.493077958e+02 8.812300205e+02 9.128579499e+02 9.441055854e+02 9.748860845e+02
 1.005111979e+03 1.034695597e+03 1.063549230e+03 1.091585551e+03 1.118717915e+03
 1.144860599e+03 1.169929318e+03 1.193841338e+03 1.216515993e+03 1.237874959e+03
 1.257842493e+03 1.276346012e+03 1.293316113e+03 1.308687162e+03 1.322397499e+03
 1.334389645e+03 1.344610908e+03 1.353013259e+03 1.359553982e+03 1.364195731e+03
 1.366906715e+03 1.367661240e+03 1.366439447e+03 1.363227956e+03 1.358019749e+03
 1.350814295e+03 1.341617986e+03 1.330443713e+03 1.317311454e+03 1.302247967e+03
 1.285286821e+03 1.266468683e+03 1.245840731e+03 1.223457147e+03 1.199378591e+03
 1.173672151e+03 1.146411423e+03 1.117675792e+03 1.087550784e+03 1.056127345e+03
 1.023501694e+03 9.897751923e+02 9.550535271e+02 9.194468907e+02 8.830691164e+02
 8.460374339e+02 8.084721453e+02 7.704957617e+02 7.322330069e+02 6.938098751e+02
 6.553533102e+02 6.169907302e+02 5.788491810e+02 5.410551846e+02 5.037338047e+02
 4.670082808e+02 4.309994746e+02 3.958251051e+02 3.615994914e+02 3.284327174e+02
 2.964302673e+02 2.656924826e+02 2.363139445e+02 2.083831812e+02 1.819820199e+02
 1.571852787e+02 1.340603305e+02 1.126666869e+02 9.305576114e+01 7.527046392e+01
 5.934501660e+01 4.530473735e+01 3.316582372e+01 2.293519661e+01 1.461059663e+01
 8.180509773e+00 3.623623120e+00 9.098154465e-01 1.563051584e-04
 1.100031697e+00 1.107796796e+00 1.115561895e+00 1.123326993e+00 1.131092092e+00
 1.138857190e+00 1.146622289e+00 1.154387388e+00 1.162152486e+00 1.169917585e+00
 1.177682683e+00 1.185447782e+00 1.193212881e+00 1.200977979e+00 1.208743078e+00
 1.216508176e+00 1.224273275e+00 1.232038374e+00 1.239803472e+00 1.247568571e+00
 1.255333669e+00 1.263098768e+00 1.270863867e+00 1.278628965e+00 1.286394064e+00
 1.294159162e+00 1.301924261e+00 1.309689359e+00 1.317454458e+00 1.325219557e+00
 1.332984655e+00 1.340749754e+00 1.348514852e+00 1.356279951e+00 1.364045050e+00
 1.371810148e+00 1.379575247e+00 1.387340345e+00 1.395105444e+00 1.402870543e+00
 1.410635641e+00 1.418400740e+00 1.426165838e+00 1.433930937e+00 1.441696036e+00
 1.449461134e+00 1.457226233e+00 1.464991331e+00 1.472756430e+00 1.480521529e+00
 1.488286627e+00 1.496051726e+00 1.503816824e+00 1.511581923e+00 1.519347022e+00
 1.527112120e+00 1.534877219e+00 1.542642317e+00 1.550407416e+00 1.558172515e+00
 1.565937613e+00 1.573702712e+00 1.581467810e+00 1.589232909e+00 1.596998007e+00
 1.604763106e+00 1.612528205e+00 1.620293303e+00 1.628058402e+00 1.635823500e+00
 1.643588599e+00 1.651353698e+00 1.659118796e+00 1.666883895e+00 1.674648993e+00
 1.682414092e+00 1.690179191e+00 1.697944289e+00 1.705709388e+00 1.713474486e+00
 1.721239585e+00 1.729004684e+00 1.736769782e+00 1.744534881e+00 1.752299979e+00
 1.760065078e+00 1.767830177e+00 1.775595275e+00 1.783360374e+00 1.791125472e+00
 1.798890571e+00 1.806655670e+00 1.814420768e+00 1.822185867e+00 1.829950965e+00
 1.837716064e+00 1.845481162e+00 1.853246261e+00 1.861011360e+00 1.868776458e+00
 1.876541557e+00 1.884306655e+00 1.892071754e+00 1.899836853e+00 1.907601951e+00
 1.915367050e+00 1.923132148e+00 1.930897247e+00 1.938662346e+00 1.946427444e+00
 1.954192543e+00 1.961957641e+00 1.969722740e+00 1.977487839e+00 1.985252937e+00
 1.993018036e+00 2.000783134e+00 2.008548233e+00 2.016313332e+00 2.024078430e+00
 2.031843529e+00 2.039608627e+00 2.047373726e+00 2.055138825e+00 2.062903923e+00
 2.070669022e+00 2.078434120e+00 2.086199219e+00 2.093964317e+00
 5.357154052e+00 5.187504370e+00 5.026838419e+00 4.874970701e+00 4.731130243e+00
 4.594762128e+00 4.465174278e+00 4.341742760e+00 4.224351100e+00 4.112623324e+00
 4.006059867e+00 3.904570209e+00 3.807731444e+00 3.715285227e+00 3.627008006e+00
 3.542730487e+00 3.462117904e+00 3.385045383e+00 3.311391174e+00 3.240879014e+00
 3.173332628e+00 3.108796336e+00 3.046877982e+00 2.987596346e+00 2.930847039e+00
 2.876440538e+00 2.824295896e+00 2.774316081e+00 2.726504484e+00 2.680445068e+00
 2.636470189e+00 2.594319857e+00 2.553847016e+00 2.515023359e+00 2.477971698e+00
 2.442332377e+00 2.408210861e+00 2.375696642e+00 2.344346014e+00 2.314360964e+00
 2.285787821e+00 2.258436998e+00 2.232312832e+00 2.207276062e+00 2.183602265e+00
 2.160726780e+00 2.139152496e+00 2.118695031e+00 2.099154759e+00 2.080607017e+00
 2.063160483e+00 2.046486932e+00 2.030889989e+00 2.016399878e+00 2.002814779e+00
 1.989667187e+00 1.978003348e+00 1.966779724e+00 1.957270494e+00 1.947734716e+00
 1.938956328e+00 1.933415201e+00 1.928816363e+00 1.925452167e+00 1.926087115e+00
 1.931047522e+00 1.932787487e+00 1.926848810e+00 1.914770193e+00 1.901079063e+00
 1.890804858e+00 1.887622808e+00 1.892703618e+00 1.904325259e+00 1.918307269e+00
 1.929306552e+00 1.933007937e+00 1.929230837e+00 1.925231387e+00 1.926562450e+00
 1.931085906e+00 1.936049524e+00 1.944031270e+00 1.954363335e+00 1.964291052e+00
 1.976256776e+00 1.988921540e+00 2.003325762e+00 2.018491461e+00 2.034924255e+00
 2.052629529e+00 2.071940990e+00 2.092642058e+00 2.114462700e+00 2.137905424e+00
 2.162974836e+00 2.189916378e+00 2.218415885e+00 2.248609451e+00 2.280882550e+00
 2.315168807e+00 2.351611413e+00 2.390478879e+00 2.431655054e+00 2.475471613e+00
 2.521969531e+00 2.571559107e+00 2.624278610e+00 2.680384629e+00 2.740301553e+00
 2.804093718e+00 2.872124943e+00 2.944881938e+00 3.022690778e+00 3.105946661e+00
 3.195236906e+00 3.291192066e+00 3.394361866e+00 3.505588155e+00 3.625735132e+00
 3.755838914e+00 3.896986638e+00 4.050628824e+00 4.218390822e+00 4.402319269e+00
 4.604362456e+00 4.827637383e+00 5.076230001e+00 5.354620457e+00
 1.000000000e+00 1.013000000e+00 1.026000000e+00 1.039000000e+00 1.052000000e+00
 1.065000000e+00 1.078000000e+00 1.091000000e+00 1.104000000e+00 1.117000000e+00
 1.130000000e+00 1.143000000e+00 1.156000000e+00 1.169000000e+00 1.182000000e+00
 1.195000000e+00 1.208000000e+00 1.221000000e+00 1.234000000e+00 1.247000000e+00
 1.260000000e+00 1.273000000e+00 1.286000000e+00 1.299000000e+00 1.312000000e+00
 1.325000000e+00 1.338000000e+00 1.351000000e+00 1.364000000e+00 1.377000000e+00
 1.390000000e+00 1.403000000e+00 1.416000000e+00 1.429000000e+00 1.442000000e+00
 1.455000000e+00 1.468000000e+00 1.481000000e+00 1.494000000e+00 1.507000000e+00
 1.520000000e+00 1.533000000e+00 1.546000000e+00 1.559000000e+00 1.572000000e+00
 1.585000000e+00 1.598000000e+00 1.611000000e+00 1.624000000e+00 1.637000000e+00
 1.650000000e+00 1.663000000e+00 1.676000000e+00 1.689000000e+00 1.702000000e+00
 1.715000000e+00 1.728000000e+00 1.741000000e+00 1.754000000e+00 1.767000000e+00
 1.780000000e+00 1.793000000e+00 1.806000000e+00 1.819000000e+00 1.832000000e+00
 1.845000000e+00 1.858000000e+00 1.871000000e+00 1.884000000e+00 1.897000000e+00
 1.910000000e+00 1.923000000e+00 1.936000000e+00 1.949000000e+00 1.962000000e+00
 1.975000000e+00 1.988000000e+00 2.001000000e+00 2.014000000e+00 2.027000000e+00
 2.040000000e+00 2.053000000e+00 2.066000000e+00 2.079000000e+00 2.092000000e+00
 2.105000000e+00 2.118000000e+00 2.131000000e+00 2.144000000e+00 2.157000000e+00
 2.170000000e+00 2.183000000e+00 2.196000000e+00 2.209000000e+00 2.222000000e+00
 2.235000000e+00 2.248000000e+00 2.261000000e+00 2.274000000e+00 2.287000000e+00
 2.300000000e+00 2.313000000e+00 2.326000000e+00 2.339000000e+00 2.352000000e+00
 2.365000000e+00 2.378000000e+00 2.391000000e+00 2.404000000e+00 2.417000000e+00
 2.430000000e+00 2.443000000e+00 2.456000000e+00 2.469000000e+00 2.482000000e+00
 2.495000000e+00 2.508000000e+00 2.521000000e+00 2.534000000e+00 2.547000000e+00
 2.560000000e+00 2.573000000e+00 2.586000000e+00 2.599000000e+00 2.612000000e+00
 2.625000000e+00 2.638000000e+00 2.651000000e+00 2.664000000e+00
 0.000000000e+00 0.000000000e+00 0.000000000e+00 0.000000000e+00 0.000000000e+00
 0.000000000e+00 0.000000000e+00 0.000000000e+00 2.477385831e+03 1.327661636e+04
 2.425982748e+04 3.540963688e+04 4.670790447e+04 5.813573736e+04 6.967350491e+04
 8.130085944e+04 9.299676064e+04 1.047395032e+05 1.165067475e+05 1.282755533e+05
 1.400224162e+05 1.517233080e+05 1.633537190e+05 1.748887043e+05 1.863029331e+05
 1.975707404e+05 2.086661829e+05 2.195630970e+05 2.302351602e+05 2.406559555e+05
 2.507990384e+05 2.606380069e+05 2.701465739e+05 2.792986425e+05 2.880683833e+05
 2.964303139e+05 3.043593810e+05 3.118310436e+05 3.188213585e+05 3.253070669e+05
 3.312656820e+05 3.366755780e+05 3.415160792e+05 3.457675500e+05 3.494114843e+05
 3.524305951e+05 3.548089033e+05 3.565318251e+05 3.575862588e+05 3.579606690e+05
 3.576451694e+05 3.566316019e+05 3.549136143e+05 3.524867330e+05 3.493484327e+05
 3.454982015e+05 3.409376015e+05 3.356703237e+05 3.297022377e+05 3.230414350e+05
 3.156982661e+05 3.076853702e+05 2.990176979e+05 2.897125257e+05 2.797894628e+05
 2.692704488e+05 2.581797428e+05 2.465439032e+05 2.343917580e+05 2.217543646e+05
 2.086649610e+05 1.951589046e+05 1.812736027e+05 1.670484309e+05 1.525246411e+05
 1.377452595e+05 1.227549727e+05 1.076000041e+05 9.232797843e+04 7.698777661e+04
 6.162937834e+04 4.630369359e+04 3.106238114e+04 1.595765339e+04 1.042068761e+03
 0.000000000e+00 0.000000000e+00 0.000000000e+00 0.000000000e+00 0.000000000e+00
 0.000000000e+00 0.000000000e+00 0.000000000e+00 0.000000000e+00 0.000000000e+00
 0.000000000e+00 0.000000000e+00 0.000000000e+00 0.000000000e+00 0.000000000e+00
 0.000000000e+00 0.000000000e+00 0.000000000e+00 0.000000000e+00 0.000000000e+00
 0.000000000e+00 0.000000000e+00 0.000000000e+00 0.000000000e+00 0.000000000e+00
 0.000000000e+00 0.000000000e+00 0.000000000e+00 0.000000000e+00 0.000000000e+00
 0.000000000e+00 0.000000000e+00 0.000000000e+00 0.000000000e+00 0.000000000e+00
 0.000000000e+00 0.000000000e+00 0.000000000e+00 0.000000000e+00 0.000000000e+00
 0.000000000e+00 0.000000000e+00 0.000000000e+00 0.000000000e+00
    2
 0.000000000e+00 0.000000000e+00 0.000000000e+00 0.000000000e+00 0.000000000e+00
 0.000000000e+00 0.000000000e+00 0.000000000e+00 0.000000000e+00 0.000000000e+00
 0.000000000e+00 0.000000000e+00 0.000000000e+00 0.000000000e+00 0.000000000e+00
 0.000000000e+00 0.000000000e+00 0.000000000e+00 0.000000000e+00 0.000000000e+00
 0.000000000e+00 0.000000000e+00 0.000000000e+00 0.000000000e+00 0.000000000e+00
 0.000000000e+00 0.000000000e+00 0.000000000e+00 0.000000000e+00 0.000000000e+00
 0.000000000e+00 0.000000000e+00 0.000000000e+00 0.000000000e+00 0.000000000e+00
 0.000000000e+00 0.000000000e+00 0.000000000e+00 0.000000000e+00 0.000000000e+00
 0.000000000e+00 0.000000000e+00 0.000000000e+00 0.000000000e+00 0.000000000e+00
 0.000000000e+00 0.000000000e+00 0.000000000e+00 0.000000000e+00 0.000000000e+00
 0.000000000e+00 0.000000000e+00 0.000000000e+00 0.000000000e+00 0.000000000e+00
 0.000000000e+00 0.000000000e+00 0.000000000e+00 0.000000000e+00 0.000000000e+00
 0.000000000e+00 0.000000000e+00 0.000000000e+00 0.000000000e+00 0.000000000e+00
 0.000000000e+00 0.000000000e+00 0.000000000e+00 0.000000000e+00 0.000000000e+00
 0.000000000e+00 0.000000000e+00 0.000000000e+00 0.000000000e+00 0.000000000e+00
 0.000000000e+00 0.000000000e+00 0.000000000e+00 0.000000000e+00 0.000000000e+00
 0.000000000e+00 0.000000000e+00 0.000000000e+00 0.000000000e+00 0.000000000e+00
 0.000000000e+00 0.000000000e+00 0.000000000e+00 0.000000000e+00 0.000000000e+00
 0.000000000e+00 0.000000000e+00 0.000000000e+00 0.000000000e+00 0.000000000e+00
 0.000000000e+00 0.000000000e+00 0.000000000e+00 0.000000000e+00 0.000000000e+00
 0.000000000e+00 0.000000000e+00 0.000000000e+00 0.000000000e+00 0.000000000e+00
 0.000000000e+00 0.000000000e+00 0.000000000e+00 0.000000000e+00 0.000000000e+00
 0.000000000e+00 0.000000000e+00 0.000000000e+00 0.000000000e+00 0.000000000e+00
 0.000000000e+00 0.000000000e+00 0.000000000e+00 0.000000000e+00 0.000000000e+00
 0.000000000e+00 0.000000000e+00 0.000000000e+00 0.000000000e+00 0.000000000e+00
 0.000000000e+00 0.000000000e+00 0.000000000e+00 0.000000000e+00
