09/28/22 13/11/2014
   525               1
  1.500000000e+02
* 150.000             1               0  IN   3   2 CLC    39   40
  5.725972864e+00 1.780000000e+02 6.485303113e-01 1.369207104e+05
  1.436113421e+05 1.597908009e+02 3.523901085e+00 4.978632607e+01
  1.042478112e+00-1.847712075e-04 2.592681610e-02 8.230706374e+06
  1.618196142e+02 3.598913733e+00 4.605002038e+00 1.659056332e-01
  2.744934075e-01 9.890103925e-01 4.474854506e-03 2.909571945e+01
  3.000000000e-01 4.253167820e+01 4.273110581e+00 6.036894930e+01
  0.000000000e+00 0.000000000e+00 0.000000000e+00
  0.000000000e+00 0.000000000e+00 0.000000000e+00
  0.000000000e+00 0.000000000e+00
  0.000000000e+00 0.000000000e+00
  1.855283565e+00 5.616465749e-02 1.893515799e+00 6.404025724e-01
  9.338725982e-01 4.719307657e+00-8.437692955e+00-4.875830042e+00
 -6.614490327e-02-1.703086626e-01 8.206982223e-01 4.253502146e+03
  9.867164290e-04 1.047024945e+00 1.702766067e+00 0.000000000e+00
  1.055734264e+00 1.548102532e+00 0.000000000e+00 0.000000000e+00
  2.364117962e+02-1.056837249e+02 2.375774350e+02 1.064618105e+02
 -1.000000000e+02-6.774328758e+00 7.074708870e-01 7.017599294e-01
  1.000000000e+02 2.142687799e+01 3.876671459e+01 1.000000000e+03
  1.644984140e+02 3.624658041e+00-1.336857517e-01 0.000000000e+00
  0.000000000e+00 0.000000000e+00 0.000000000e+00 0.000000000e+00
  0.000000000e+00 0.000000000e+00 1.465231084e+00 5.000000000e+00
    89   40   16    1
 -1.750655009e-01-1.750781716e-01-1.778122941e-01-1.823802765e-01
 -1.869940490e-01-1.906586375e-01-1.928866367e-01-1.945034906e-01
 -1.988189389e-01-2.086154628e-01-2.242490074e-01-2.402778179e-01
 -2.502571585e-01-2.499803349e-01-2.226847584e-01-2.097665385e-01
 -2.116816796e-01-2.199912651e-01-2.222299568e-01-2.146470748e-01
 -2.126132951e-01-2.248827500e-01-2.512811244e-01-2.512024290e-01
 -2.411888711e-01-2.253608490e-01-2.099557503e-01-2.001875435e-01
 -1.959536398e-01-1.942284142e-01-1.921865693e-01-1.887422079e-01
 -1.842280080e-01-1.794075162e-01-1.757895820e-01-1.757651942e-01
 -1.767777795e-01-1.767719288e-01-1.767663776e-01-1.771016742e-01
 -1.771168143e-01-1.797459076e-01-1.840892715e-01-1.841302025e-01
 -1.886028936e-01-1.914121125e-01-1.919715729e-01-1.932296744e-01
 -1.969724896e-01-2.065822746e-01-2.209136096e-01-2.402939174e-01
 -2.534415229e-01-2.573987033e-01-2.520855600e-01-2.331996553e-01
 -2.330242338e-01-2.248967210e-01-2.100163037e-01-2.069048545e-01
 -2.160769039e-01-2.201119152e-01-2.201999743e-01-2.232953836e-01
 -2.256486621e-01-2.231318343e-01-2.230459830e-01-2.190301355e-01
 -2.097756706e-01-2.128312941e-01-2.270586728e-01-2.349656035e-01
 -2.351299160e-01-2.533982162e-01-2.583601947e-01-2.542548535e-01
 -2.412347742e-01-2.221115302e-01-2.091467175e-01-1.987635885e-01
 -1.946509080e-01-1.932359344e-01-1.927336034e-01-1.901657596e-01
 -1.858186979e-01-1.857778709e-01-1.812237505e-01-1.778905907e-01
 -1.778657240e-01
  5.944171493e-02 5.378522829e-02 3.428282446e-02 1.382110692e-02
  4.262217210e-03 7.605831425e-03 1.896878019e-02 4.409624645e-02
  3.087743257e-02 2.621238970e-02 2.624673761e-02 3.101100499e-02
  4.466444447e-02 1.847786061e-02 6.881736416e-03 3.773703507e-03
  9.410568548e-03 2.874662023e-02 4.883623356e-02 5.668482105e-02
  5.289245230e-03 1.488482280e-02 2.312483333e-02 2.139413306e-02
 -2.096249699e-02 1.642882802e-04 1.107255080e-02 7.800088161e-03
 -7.993882612e-03-1.939304946e-03 4.682513954e-03 1.067041923e-02
 -6.807994559e-03-1.116388625e-02-5.740686406e-04 2.025435628e-02
 -2.059743863e-02-2.360959503e-02-1.904626996e-02-1.174834636e-02
  0.000000000e+00 0.000000000e+00 2.119935859e-03 2.112153812e-03
  0.000000000e+00-1.039676948e+04 0.000000000e+00-1.465259229e+03
  0.000000000e+00 0.000000000e+00 2.119935859e-03 2.112153812e-03
  0.000000000e+00-1.044578390e+04 0.000000000e+00-1.526908310e+03
 -1.996480494e+04
  0.000000000e+00 0.000000000e+00 0.000000000e+00 0.000000000e+00
  0.000000000e+00 0.000000000e+00 0.000000000e+00 0.000000000e+00
  0.000000000e+00 0.000000000e+00 0.000000000e+00 0.000000000e+00
  1.224137047e-01 1.000000000e-01 4.000000000e+01-9.711062324e-02
  1.054898105e+02 0.000000000e+00 9.990000000e+02 1.147448468e+05
 -1.000000000e+01 1.702766067e+00 0.000000000e+00-3.649779931e-01
 -1.000000000e+01-9.990000000e+02 2.396682781e+00 0.000000000e+00
  2.462676253e-02 4.764610244e-03 1.101104521e+00 2.094377521e+00
  3.222365819e+01 1.000000000e+10-8.900000000e+01-8.900000000e+01
 -8.900000000e+01-8.900000000e+01-8.900000000e+01-8.900000000e+01
  1.626704163e+00-8.900000000e+01-8.900000000e+01-8.900000000e+01
 -8.900000000e+01-8.900000000e+01-8.900000000e+01-8.900000000e+01
 -8.900000000e+01 6.403897682e+02-9.900000000e+01-1.430120141e-01
 -9.900000000e+01 1.637000000e+02 0.000000000e+00 0.000000000e+00
            MAG