 0.000000000e+00 6.514116204e-02 9.365845733e-02 1.158862305e-01 1.344165652e-01
 1.509289035e-01 1.657267130e-01 1.795120930e-01 1.924054647e-01 2.044514491e-01
 2.159419796e-01 2.270018415e-01 2.375466771e-01 2.476521619e-01 2.574880390e-01
 2.670538270e-01 2.763133094e-01 2.853018531e-01 2.940675822e-01 3.026781288e-01
 3.111234000e-01 3.193605335e-01 3.274273922e-01 3.353566437e-01 3.431788722e-01
 3.508920338e-01 3.584737594e-01 3.659329810e-01 3.732859558e-01 3.805513748e-01
 3.877464118e-01 3.948741033e-01 4.019048794e-01 4.088431621e-01 4.157157145e-01
 4.225391015e-01 4.292964760e-01 4.360051834e-01 4.426640425e-01 4.492563071e-01
 4.557851310e-01 4.622748797e-01 4.687317073e-01 4.751489252e-01 4.815312759e-01
 4.878697295e-01 4.941632397e-01 5.004230932e-01 5.066557171e-01 5.128579520e-01
 5.190364282e-01 5.251947673e-01 5.313244904e-01 5.374189675e-01 5.434931312e-01
 5.495469181e-01 5.555784660e-01 5.616005155e-01 5.676106222e-01 5.735985547e-01
 5.795627647e-01 5.855168584e-01 5.914603925e-01 5.973887211e-01 6.033053184e-01
 6.092204418e-01 6.151259876e-01 6.210208711e-01 6.269072622e-01 6.327859118e-01
 6.386558425e-01 6.445261814e-01 6.503968147e-01 6.562641494e-01 6.621253370e-01
 6.679894914e-01 6.738530544e-01 6.797129149e-01 6.855734002e-01 6.914423931e-01
 6.973122161e-01 7.031835684e-01 7.090627017e-01 7.149486837e-01 7.208381672e-01
 7.267321659e-01 7.326377312e-01 7.385511215e-01 7.444700277e-01 7.504050974e-01
 7.563512284e-01 7.623037720e-01 7.682710990e-01 7.742555278e-01 7.802536609e-01
 7.862614122e-01 7.922887198e-01 7.983323551e-01 8.043934927e-01 8.104723102e-01
 8.165780760e-01 8.226992542e-01 8.288372193e-01 8.350076557e-01 8.411965499e-01
 8.474011919e-01 8.536383883e-01 8.599094911e-01 8.662054670e-01 8.725245349e-01
 8.788806724e-01 8.852652047e-01 8.916748007e-01 8.981245334e-01 9.046093949e-01
 9.111303453e-01 9.176969432e-01 9.243002580e-01 9.309389428e-01 9.376224378e-01
 9.443475231e-01 9.511129371e-01 9.579429043e-01 9.648216278e-01 9.717435060e-01
 9.787298481e-01 9.857660730e-01 9.928464353e-01 1.000000000e+00
 1.100080940e+00 1.107859067e+00 1.115637194e+00 1.123415321e+00 1.131193449e+00
 1.138971576e+00 1.146749703e+00 1.154527830e+00 1.162305958e+00 1.170084085e+00
 1.177862212e+00 1.185640339e+00 1.193418467e+00 1.201196594e+00 1.208974721e+00
 1.216752848e+00 1.224530976e+00 1.232309103e+00 1.240087230e+00 1.247865357e+00
 1.255643485e+00 1.263421612e+00 1.271199739e+00 1.278977866e+00 1.286755994e+00
 1.294534121e+00 1.302312248e+00 1.310090375e+00 1.317868503e+00 1.325646630e+00
 1.333424757e+00 1.341202884e+00 1.348981012e+00 1.356759139e+00 1.364537266e+00
 1.372315393e+00 1.380093521e+00 1.387871648e+00 1.395649775e+00 1.403427902e+00
 1.411206030e+00 1.418984157e+00 1.426762284e+00 1.434540411e+00 1.442318539e+00
 1.450096666e+00 1.457874793e+00 1.465652920e+00 1.473431048e+00 1.481209175e+00
 1.488987302e+00 1.496765429e+00 1.504543557e+00 1.512321684e+00 1.520099811e+00
 1.527877938e+00 1.535656066e+00 1.543434193e+00 1.551212320e+00 1.558990447e+00
 1.566768575e+00 1.574546702e+00 1.582324829e+00 1.590102956e+00 1.597881084e+00
 1.605659211e+00 1.613437338e+00 1.621215465e+00 1.628993593e+00 1.636771720e+00
 1.644549847e+00 1.652327974e+00 1.660106102e+00 1.667884229e+00 1.675662356e+00
 1.683440483e+00 1.691218611e+00 1.698996738e+00 1.706774865e+00 1.714552992e+00
 1.722331120e+00 1.730109247e+00 1.737887374e+00 1.745665501e+00 1.753443629e+00
 1.761221756e+00 1.768999883e+00 1.776778010e+00 1.784556138e+00 1.792334265e+00
 1.800112392e+00 1.807890519e+00 1.815668647e+00 1.823446774e+00 1.831224901e+00
 1.839003028e+00 1.846781156e+00 1.854559283e+00 1.862337410e+00 1.870115537e+00
 1.877893665e+00 1.885671792e+00 1.893449919e+00 1.901228046e+00 1.909006174e+00
 1.916784301e+00 1.924562428e+00 1.932340555e+00 1.940118683e+00 1.947896810e+00
 1.955674937e+00 1.963453064e+00 1.971231192e+00 1.979009319e+00 1.986787446e+00
 1.994565573e+00 2.002343701e+00 2.010121828e+00 2.017899955e+00 2.025678082e+00
 2.033456210e+00 2.041234337e+00 2.049012464e+00 2.056790591e+00 2.064568719e+00
 2.072346846e+00 2.080124973e+00 2.087903100e+00 2.095681228e+00
 1.922623515e-05 3.107734452e-01 1.257266520e+00 2.874215780e+00 5.195268202e+00
 8.253056376e+00 1.207877618e+01 1.670211481e+01 2.215114564e+01 2.845210643e+01
 3.562927545e+01 4.370479771e+01 5.269855512e+01 6.262801595e+01 7.350807354e+01
 8.535095452e+01 9.816603966e+01 1.119597805e+02 1.267355756e+02 1.424936409e+02
 1.592309635e+02 1.769411551e+02 1.956144228e+02 2.152374863e+02 2.357935049e+02
 2.572620824e+02 2.796191793e+02 3.028371443e+02 3.268846897e+02 3.517268924e+02
 3.773252523e+02 4.036376879e+02 4.306186286e+02 4.582190614e+02 4.863866191e+02
 5.150656871e+02 5.441975044e+02 5.737203063e+02 6.035694539e+02 6.336776113e+02
 6.639748922e+02 6.943890788e+02 7.248457971e+02 7.552687339e+02 7.855798955e+02
 8.156997778e+02 8.455477075e+02 8.750420224e+02 9.041003750e+02 9.326400522e+02
 9.605781485e+02 9.878320223e+02 1.014319447e+03 1.039958991e+03 1.064670368e+03
 1.088374592e+03 1.110994525e+03 1.132454960e+03 1.152683066e+03 1.171608725e+03
 1.189164644e+03 1.205286958e+03 1.219915222e+03 1.232992877e+03 1.244467542e+03
 1.254291052e+03 1.262420084e+03 1.268816011e+03 1.273445374e+03 1.276280071e+03
 1.277297312e+03 1.276480212e+03 1.273817489e+03 1.269303900e+03 1.262940305e+03
 1.254733509e+03 1.244696779e+03 1.232849378e+03 1.219216937e+03 1.203831354e+03
 1.186730526e+03 1.167958749e+03 1.147566093e+03 1.125608678e+03 1.102148401e+03
 1.077252568e+03 1.050994137e+03 1.023450965e+03 9.947059669e+02 9.648466811e+02
 9.339648168e+02 9.021563258e+02 8.695205703e+02 8.361603476e+02 8.021813334e+02
 7.676915687e+02 7.328013719e+02 6.976224768e+02 6.622679388e+02 6.268515028e+02
 5.914870686e+02 5.562884727e+02 5.213686620e+02 4.868395070e+02 4.528111588e+02
 4.193915390e+02 3.866860414e+02 3.547968065e+02 3.238224842e+02 2.938576526e+02
 2.649923797e+02 2.373119104e+02 2.108961012e+02 1.858191875e+02 1.621493333e+02
 1.399483100e+02 1.192712416e+02 1.001662446e+02 8.267426266e+01 6.682879529e+01
 5.265573928e+01 4.017327769e+01 2.939170477e+01 2.031337162e+01 1.293280046e+01
 7.236542780e+00 3.202935604e+00 8.030325378e-01 1.160828123e-04
 1.100080940e+00 1.107859067e+00 1.115637194e+00 1.123415321e+00 1.131193449e+00
 1.138971576e+00 1.146749703e+00 1.154527830e+00 1.162305958e+00 1.170084085e+00
 1.177862212e+00 1.185640339e+00 1.193418467e+00 1.201196594e+00 1.208974721e+00
 1.216752848e+00 1.224530976e+00 1.232309103e+00 1.240087230e+00 1.247865357e+00
 1.255643485e+00 1.263421612e+00 1.271199739e+00 1.278977866e+00 1.286755994e+00
 1.294534121e+00 1.302312248e+00 1.310090375e+00 1.317868503e+00 1.325646630e+00
 1.333424757e+00 1.341202884e+00 1.348981012e+00 1.356759139e+00 1.364537266e+00
 1.372315393e+00 1.380093521e+00 1.387871648e+00 1.395649775e+00 1.403427902e+00
 1.411206030e+00 1.418984157e+00 1.426762284e+00 1.434540411e+00 1.442318539e+00
 1.450096666e+00 1.457874793e+00 1.465652920e+00 1.473431048e+00 1.481209175e+00
 1.488987302e+00 1.496765429e+00 1.504543557e+00 1.512321684e+00 1.520099811e+00
 1.527877938e+00 1.535656066e+00 1.543434193e+00 1.551212320e+00 1.558990447e+00
 1.566768575e+00 1.574546702e+00 1.582324829e+00 1.590102956e+00 1.597881084e+00
 1.605659211e+00 1.613437338e+00 1.621215465e+00 1.628993593e+00 1.636771720e+00
 1.644549847e+00 1.652327974e+00 1.660106102e+00 1.667884229e+00 1.675662356e+00
 1.683440483e+00 1.691218611e+00 1.698996738e+00 1.706774865e+00 1.714552992e+00
 1.722331120e+00 1.730109247e+00 1.737887374e+00 1.745665501e+00 1.753443629e+00
 1.761221756e+00 1.768999883e+00 1.776778010e+00 1.784556138e+00 1.792334265e+00
 1.800112392e+00 1.807890519e+00 1.815668647e+00 1.823446774e+00 1.831224901e+00
 1.839003028e+00 1.846781156e+00 1.854559283e+00 1.862337410e+00 1.870115537e+00
 1.877893665e+00 1.885671792e+00 1.893449919e+00 1.901228046e+00 1.909006174e+00
 1.916784301e+00 1.924562428e+00 1.932340555e+00 1.940118683e+00 1.947896810e+00
 1.955674937e+00 1.963453064e+00 1.971231192e+00 1.979009319e+00 1.986787446e+00
 1.994565573e+00 2.002343701e+00 2.010121828e+00 2.017899955e+00 2.025678082e+00
 2.033456210e+00 2.041234337e+00 2.049012464e+00 2.056790591e+00 2.064568719e+00
 2.072346846e+00 2.080124973e+00 2.087903100e+00 2.095681228e+00
 4.718082484e+00 4.568672304e+00 4.427172972e+00 4.293547783e+00 4.167134171e+00
 4.047256117e+00 3.933341122e+00 3.824914337e+00 3.721962782e+00 3.623937257e+00
 3.530516960e+00 3.441602898e+00 3.356853754e+00 3.275941213e+00 3.198754798e+00
 3.125085862e+00 3.054715638e+00 2.987386249e+00 2.923168696e+00 2.861682474e+00
 2.802854350e+00 2.746609509e+00 2.692809002e+00 2.641233133e+00 2.591881722e+00
 2.544678637e+00 2.499434586e+00 2.456071345e+00 2.414565738e+00 2.374874904e+00
 2.336699780e+00 2.300298472e+00 2.265371170e+00 2.231868224e+00 2.199857750e+00
 2.169229319e+00 2.139870329e+00 2.111698219e+00 2.084951609e+00 2.059332901e+00
 2.034626504e+00 2.011388414e+00 1.989003426e+00 1.967544831e+00 1.947370293e+00
 1.928029037e+00 1.909592813e+00 1.892174210e+00 1.875782271e+00 1.860029056e+00
 1.845146039e+00 1.831429980e+00 1.818318495e+00 1.806012697e+00 1.794777707e+00
 1.784075061e+00 1.774413959e+00 1.765580358e+00 1.757258650e+00 1.751102642e+00
 1.744695501e+00 1.739025310e+00 1.733696040e+00 1.729830848e+00 1.737050941e+00
 1.746255333e+00 1.746220864e+00 1.736177927e+00 1.721220502e+00 1.708227375e+00
 1.702781988e+00 1.707189748e+00 1.719690980e+00 1.734936751e+00 1.745793030e+00
 1.746511852e+00 1.737291086e+00 1.729821436e+00 1.734014755e+00 1.739476349e+00
 1.745654928e+00 1.752260369e+00 1.759143841e+00 1.768641122e+00 1.777900167e+00
 1.789153700e+00 1.800913705e+00 1.813904061e+00 1.827866341e+00 1.842996140e+00
 1.859334785e+00 1.876871572e+00 1.895389019e+00 1.915345725e+00 1.936541386e+00
 1.959162988e+00 1.983437215e+00 2.008930495e+00 2.035984007e+00 2.064952977e+00
 2.095642640e+00 2.128183390e+00 2.162727438e+00 2.199356523e+00 2.238246104e+00
 2.279507926e+00 2.323486959e+00 2.370176315e+00 2.419706262e+00 2.472458272e+00
 2.528594098e+00 2.588400066e+00 2.652228366e+00 2.720345643e+00 2.793209933e+00
 2.871168031e+00 2.954734809e+00 3.044471346e+00 3.140945974e+00 3.244913098e+00
 3.357228496e+00 3.478775091e+00 3.610748033e+00 3.754459234e+00 3.911390806e+00
 4.083349547e+00 4.272510005e+00 4.482400380e+00 4.716298296e+00
 1.000000000e+00 1.013000000e+00 1.026000000e+00 1.039000000e+00 1.052000000e+00
 1.065000000e+00 1.078000000e+00 1.091000000e+00 1.104000000e+00 1.117000000e+00
 1.130000000e+00 1.143000000e+00 1.156000000e+00 1.169000000e+00 1.182000000e+00
 1.195000000e+00 1.208000000e+00 1.221000000e+00 1.234000000e+00 1.247000000e+00
 1.260000000e+00 1.273000000e+00 1.286000000e+00 1.299000000e+00 1.312000000e+00
 1.325000000e+00 1.338000000e+00 1.351000000e+00 1.364000000e+00 1.377000000e+00
 1.390000000e+00 1.403000000e+00 1.416000000e+00 1.429000000e+00 1.442000000e+00
 1.455000000e+00 1.468000000e+00 1.481000000e+00 1.494000000e+00 1.507000000e+00
 1.520000000e+00 1.533000000e+00 1.546000000e+00 1.559000000e+00 1.572000000e+00
 1.585000000e+00 1.598000000e+00 1.611000000e+00 1.624000000e+00 1.637000000e+00
 1.650000000e+00 1.663000000e+00 1.676000000e+00 1.689000000e+00 1.702000000e+00
 1.715000000e+00 1.728000000e+00 1.741000000e+00 1.754000000e+00 1.767000000e+00
 1.780000000e+00 1.793000000e+00 1.806000000e+00 1.819000000e+00 1.832000000e+00
 1.845000000e+00 1.858000000e+00 1.871000000e+00 1.884000000e+00 1.897000000e+00
 1.910000000e+00 1.923000000e+00 1.936000000e+00 1.949000000e+00 1.962000000e+00
 1.975000000e+00 1.988000000e+00 2.001000000e+00 2.014000000e+00 2.027000000e+00
 2.040000000e+00 2.053000000e+00 2.066000000e+00 2.079000000e+00 2.092000000e+00
 2.105000000e+00 2.118000000e+00 2.131000000e+00 2.144000000e+00 2.157000000e+00
 2.170000000e+00 2.183000000e+00 2.196000000e+00 2.209000000e+00 2.222000000e+00
 2.235000000e+00 2.248000000e+00 2.261000000e+00 2.274000000e+00 2.287000000e+00
 2.300000000e+00 2.313000000e+00 2.326000000e+00 2.339000000e+00 2.352000000e+00
 2.365000000e+00 2.378000000e+00 2.391000000e+00 2.404000000e+00 2.417000000e+00
 2.430000000e+00 2.443000000e+00 2.456000000e+00 2.469000000e+00 2.482000000e+00
 2.495000000e+00 2.508000000e+00 2.521000000e+00 2.534000000e+00 2.547000000e+00
 2.560000000e+00 2.573000000e+00 2.586000000e+00 2.599000000e+00 2.612000000e+00
 2.625000000e+00 2.638000000e+00 2.651000000e+00 2.664000000e+00
 0.000000000e+00 0.000000000e+00 0.000000000e+00 0.000000000e+00 0.000000000e+00
 0.000000000e+00 0.000000000e+00 0.000000000e+00 2.851378668e+03 1.594857217e+04
 2.923467526e+04 4.268535157e+04 5.627553354e+04 6.997944530e+04 8.377063941e+04
 9.762204010e+04 1.115059905e+05 1.253943030e+05 1.392583124e+05 1.530689316e+05
 1.667967104e+05 1.804118964e+05 1.938844991e+05 2.071843556e+05 2.202811996e+05
 2.331447322e+05 2.457446947e+05 2.580509440e+05 2.700335297e+05 2.816627723e+05
 2.929093441e+05 3.037443507e+05 3.141394139e+05 3.240667557e+05 3.334992833e+05
 3.424106740e+05 3.507754611e+05 3.585691196e+05 3.657681518e+05 3.723501723e+05
 3.782939925e+05 3.835797038e+05 3.881887598e+05 3.921040569e+05 3.953100121e+05
 3.977926400e+05 3.995396261e+05 4.005403974e+05 4.007861903e+05 4.002701140e+05
 3.989872109e+05 3.969345123e+05 3.941110892e+05 3.905180989e+05 3.861588261e+05
 3.810387178e+05 3.751654133e+05 3.685487674e+05 3.612008674e+05 3.531360429e+05
 3.443708695e+05 3.349241639e+05 3.248169730e+05 3.140725538e+05 3.027163465e+05
 2.907759393e+05 2.782810243e+05 2.652633459e+05 2.517566404e+05 2.377965673e+05
 2.234206317e+05 2.086680988e+05 1.935798993e+05 1.781985270e+05 1.625679279e+05
 1.467333811e+05 1.307413716e+05 1.146394563e+05 9.847612107e+04 8.230063186e+04
 6.616287835e+04 5.011321159e+04 3.420227743e+04 1.848085083e+04 2.999686192e+03
 0.000000000e+00 0.000000000e+00 0.000000000e+00 0.000000000e+00 0.000000000e+00
 0.000000000e+00 0.000000000e+00 0.000000000e+00 0.000000000e+00 0.000000000e+00
 0.000000000e+00 0.000000000e+00 0.000000000e+00 0.000000000e+00 0.000000000e+00
 0.000000000e+00 0.000000000e+00 0.000000000e+00 0.000000000e+00 0.000000000e+00
 0.000000000e+00 0.000000000e+00 0.000000000e+00 0.000000000e+00 0.000000000e+00
 0.000000000e+00 0.000000000e+00 0.000000000e+00 0.000000000e+00 0.000000000e+00
 0.000000000e+00 0.000000000e+00 0.000000000e+00 0.000000000e+00 0.000000000e+00
 0.000000000e+00 0.000000000e+00 0.000000000e+00 0.000000000e+00 0.000000000e+00
 0.000000000e+00 0.000000000e+00 0.000000000e+00 0.000000000e+00
    2
 0.000000000e+00 0.000000000e+00 0.000000000e+00 0.000000000e+00 0.000000000e+00
 0.000000000e+00 0.000000000e+00 0.000000000e+00 0.000000000e+00 0.000000000e+00
 0.000000000e+00 0.000000000e+00 0.000000000e+00 0.000000000e+00 0.000000000e+00
 0.000000000e+00 0.000000000e+00 0.000000000e+00 0.000000000e+00 0.000000000e+00
 0.000000000e+00 0.000000000e+00 0.000000000e+00 0.000000000e+00 0.000000000e+00
 0.000000000e+00 0.000000000e+00 0.000000000e+00 0.000000000e+00 0.000000000e+00
 0.000000000e+00 0.000000000e+00 0.000000000e+00 0.000000000e+00 0.000000000e+00
 0.000000000e+00 0.000000000e+00 0.000000000e+00 0.000000000e+00 0.000000000e+00
 0.000000000e+00 0.000000000e+00 0.000000000e+00 0.000000000e+00 0.000000000e+00
 0.000000000e+00 0.000000000e+00 0.000000000e+00 0.000000000e+00 0.000000000e+00
 0.000000000e+00 0.000000000e+00 0.000000000e+00 0.000000000e+00 0.000000000e+00
 0.000000000e+00 0.000000000e+00 0.000000000e+00 0.000000000e+00 0.000000000e+00
 0.000000000e+00 0.000000000e+00 0.000000000e+00 0.000000000e+00 0.000000000e+00
 0.000000000e+00 0.000000000e+00 0.000000000e+00 0.000000000e+00 0.000000000e+00
 0.000000000e+00 0.000000000e+00 0.000000000e+00 0.000000000e+00 0.000000000e+00
 0.000000000e+00 0.000000000e+00 0.000000000e+00 0.000000000e+00 0.000000000e+00
 0.000000000e+00 0.000000000e+00 0.000000000e+00 0.000000000e+00 0.000000000e+00
 0.000000000e+00 0.000000000e+00 0.000000000e+00 0.000000000e+00 0.000000000e+00
 0.000000000e+00 0.000000000e+00 0.000000000e+00 0.000000000e+00 0.000000000e+00
 0.000000000e+00 0.000000000e+00 0.000000000e+00 0.000000000e+00 0.000000000e+00
 0.000000000e+00 0.000000000e+00 0.000000000e+00 0.000000000e+00 0.000000000e+00
 0.000000000e+00 0.000000000e+00 0.000000000e+00 0.000000000e+00 0.000000000e+00
 0.000000000e+00 0.000000000e+00 0.000000000e+00 0.000000000e+00 0.000000000e+00
 0.000000000e+00 0.000000000e+00 0.000000000e+00 0.000000000e+00 0.000000000e+00
 0.000000000e+00 0.000000000e+00 0.000000000e+00 0.000000000e+00 0.000000000e+00
 0.000000000e+00 0.000000000e+00 0.000000000e+00 0.000000000e+00
