08/27/20 13/11/2014
 36000               1
  3.800000000e+02
* 380.000             1               0  IN   3   2 CLC    39   40
  5.169768025e+00 1.650000000e+02 1.375538753e+00 1.504839172e+05
  1.499433427e+05 1.629123287e+02 1.752431753e-02 4.161597857e+01
  9.991302512e-01-5.110328693e-03-5.110328693e-03 5.541378198e+06
  1.653366237e+02 3.661309234e-03 5.400193966e+00 1.229294069e-01
  4.571376272e-01 1.000911448e+00 2.366268402e-03 1.480394790e-01
  3.937201543e+00 2.043685390e+00 4.925456851e+00 9.126840885e+01
  0.000000000e+00 0.000000000e+00 0.000000000e+00
  0.000000000e+00 0.000000000e+00 0.000000000e+00
  0.000000000e+00 0.000000000e+00
  0.000000000e+00 0.000000000e+00
  1.770149113e+00 7.224490612e-02 1.982867701e+00 9.251322635e-01
  9.882352979e-01 5.412684314e+00-1.516642739e+01-7.383000063e+00
 -9.675221264e-02 1.122347172e-01 5.412464559e-01 7.890974189e+03
  8.758020090e-04 1.013552627e+00 2.010295361e+00 0.000000000e+00
  1.012292590e+00 1.623716122e+00 0.000000000e+00 0.000000000e+00
  -1.000000000e+02-9.673510507e+00 1.361679456e+00 1.357913292e+00
  1.000000000e+02 1.000000000e+02 2.765081227e+01 1.000000000e+03
  1.671416691e+02 1.134085345e-02 1.516403361e-01 0.000000000e+00
  0.000000000e+00 0.000000000e+00 0.000000000e+00 0.000000000e+00
  0.000000000e+00 0.000000000e+00 1.432521133e+00 5.000000000e+00
     4   18    6    0
  1.051114461e-01 1.050746975e-01 9.065178474e-02 9.053717691e-02
  6.493517576e-02 6.752753327e-02 6.734037128e-02 6.527091683e-02
  6.729537981e-02 6.744826717e-02 6.482654470e-02 5.595785617e-02
  5.642413698e-02 5.620144690e-02 5.492314227e-02 5.305963161e-02
  5.217193938e-02 5.312351196e-02 5.505173550e-02 5.637857909e-02
  5.660606547e-02 5.610394235e-02
  3.744654794e+03 1.008323726e+04-1.419718155e+02 2.392402339e+01
  5.169100725e+00 2.141511098e-02
  0.000000000e+00 0.000000000e+00 0.000000000e+00 0.000000000e+00
  0.000000000e+00 0.000000000e+00 0.000000000e+00 0.000000000e+00
  0.000000000e+00 0.000000000e+00 0.000000000e+00 0.000000000e+00
  1.190314642e-01 1.000000000e-01 4.000000000e+01 1.256391179e-01
  1.114470328e+02 0.000000000e+00 9.990000000e+02 2.993288133e+05
 -1.000000000e+01 2.010295361e+00 0.000000000e+00-1.270343959e-01
 -1.000000000e+01-9.990000000e+02 2.278601397e+00 0.000000000e+00
  2.385464734e-02 4.609484513e-03 1.212963501e+00 2.045283072e+00
  2.670252785e+01 1.000000000e+10-8.900000000e+01-8.900000000e+01
 -8.900000000e+01-8.900000000e+01-8.900000000e+01-8.900000000e+01
  1.690905467e+00-8.900000000e+01-8.900000000e+01-8.900000000e+01
 -8.900000000e+01-8.900000000e+01-8.900000000e+01-8.900000000e+01
 -8.900000000e+01 6.188094852e+02-9.900000000e+01-9.900000000e+01
 -9.900000000e+01-9.900000000e+01 0.000000000e+00 0.000000000e+00
            MAG