08/27/20 13/11/2014
 36000               1
  3.600000000e+02
* 360.000             1               0 OUT   3   2 CLC    39   40
  5.172880716e+00 1.650000000e+02 1.374140543e+00 1.487110748e+05
  1.482660699e+05 1.632044219e+02 1.120592110e-01 4.145217580e+01
  9.996242598e-01 1.915988454e-03 1.915988454e-03 5.510340935e+06
  1.656549404e+02 1.521823672e-01 5.400067797e+00 1.256199700e-01
  4.716098134e-01 9.992740918e-01 3.124414091e-01 4.021605778e-03
  4.202878364e+00 2.057063622e+00 4.923000757e+00 9.094750196e+01
  0.000000000e+00 0.000000000e+00 0.000000000e+00
  0.000000000e+00 0.000000000e+00 0.000000000e+00
  0.000000000e+00 0.000000000e+00
  0.000000000e+00 0.000000000e+00
  1.757325304e+00 7.170032133e-02 1.985676315e+00 9.449255741e-01
  9.886016019e-01 5.406580984e+00-1.562343264e+01-7.566271112e+00
 -9.931012967e-02 1.178991067e-01 5.372752704e-01 7.973608480e+03
  6.831442119e-04 1.014469257e+00 2.010546159e+00 0.000000000e+00
  1.011330034e+00 1.628557877e+00 0.000000000e+00 0.000000000e+00
  -1.000000000e+02-9.988936138e+00 1.357478287e+00 1.353879806e+00
  1.000000000e+02 1.000000000e+02 2.750588962e+01 1.000000000e+03
  1.674692159e+02 1.457698956e-01 1.568598978e-01 0.000000000e+00
  0.000000000e+00 0.000000000e+00 0.000000000e+00 0.000000000e+00
  0.000000000e+00 0.000000000e+00 1.434054468e+00 5.000000000e+00
     4   18    6    0
  1.105496186e-01 1.104650321e-01 9.658827192e-02 9.636908066e-02
  6.357393395e-02 6.610146094e-02 6.591401510e-02 6.389684549e-02
  6.597490957e-02 6.623673920e-02 6.378465639e-02 5.583389694e-02
  5.628226202e-02 5.602846458e-02 5.475141414e-02 5.291830802e-02
  5.203246296e-02 5.292780712e-02 5.476999951e-02 5.603721582e-02
  5.623782970e-02 5.569980103e-02
  4.198774171e+03 1.002150947e+04-1.201790475e+02 4.066356854e+01
 -1.003683832e+01-9.393783714e+00
  0.000000000e+00 0.000000000e+00 0.000000000e+00 0.000000000e+00
  0.000000000e+00 0.000000000e+00 0.000000000e+00 0.000000000e+00
  0.000000000e+00 0.000000000e+00 0.000000000e+00 0.000000000e+00
  1.186111500e-01 1.000000000e-01 4.000000000e+01 1.114643464e-01
  1.106516889e+02 0.000000000e+00 9.990000000e+02 3.079889638e+05
 -1.000000000e+01 2.010546159e+00 0.000000000e+00-1.768458265e-01
 -1.000000000e+01-9.990000000e+02 2.264950490e+00 0.000000000e+00
  2.376525796e-02 4.953250585e-03 1.217522461e+00 2.046565977e+00
  2.665091659e+01 1.000000000e+10-8.900000000e+01-8.900000000e+01
 -8.900000000e+01-8.900000000e+01-8.900000000e+01-8.900000000e+01
  1.697310090e+00-8.900000000e+01-8.900000000e+01-8.900000000e+01
 -8.900000000e+01-8.900000000e+01-8.900000000e+01-8.900000000e+01
 -8.900000000e+01 6.335268445e+02-9.900000000e+01-9.900000000e+01
 -9.900000000e+01-9.900000000e+01 0.000000000e+00 0.000000000e+00
            MAG