09/28/22 13/11/2014
   525               1
  1.200000000e+02
* 120.000             1               0  IN   3   2 CLC    39   40
  1.160608886e+01 1.780000000e+02 6.485271910e-01 9.697192973e+04
  1.000568643e+05 1.633478004e+02 3.097485452e+00 5.334258851e+01
  1.038289071e+00-6.602597217e-03 1.776817361e-02 9.667785285e+06
  1.692708907e+02 3.295535575e+00 7.618546442e+00 1.936946647e-01
  7.263238806e-01 1.015074289e+00 5.211859850e-03 2.213095468e+01
  3.000000000e-01 3.703782853e+01 7.033289190e+00 6.021576927e+01
  0.000000000e+00 0.000000000e+00 0.000000000e+00
  0.000000000e+00 0.000000000e+00 0.000000000e+00
  0.000000000e+00 0.000000000e+00
  0.000000000e+00 0.000000000e+00
  2.167027660e+00 3.649459670e-02 1.916024362e+00 1.576646314e+00
  9.534134134e-01 7.901732764e+00-8.444405455e+00-3.664456316e+00
 -5.577070882e-02-1.629847873e-01 9.432950894e-01 5.581691850e+03
  8.991282051e-04 1.064933212e+00 2.440868176e+00 0.000000000e+00
  1.059223421e+00 1.650655170e+00 0.000000000e+00 0.000000000e+00
  8.510044808e+01-8.304052660e+01 9.877126960e+01 6.790550736e+01
 -1.000000000e+02-5.796598904e+00 6.719641294e-01 6.709527793e-01
  1.000000000e+02 1.000000000e+02 2.368926318e+01 1.000000000e+03
  1.720506175e+02 3.351184882e+00-1.362346542e-01 0.000000000e+00
  0.000000000e+00 0.000000000e+00 0.000000000e+00 0.000000000e+00
  0.000000000e+00 0.000000000e+00 1.527171568e+00 5.000000000e+00
    89   40   16    1
 -1.657520068e-01-1.657590068e-01-1.672467116e-01-1.697805411e-01
 -1.723620328e-01-1.742744249e-01-1.749418734e-01-1.757859320e-01
 -1.790120632e-01-1.870764573e-01-2.003299997e-01-2.140845779e-01
 -2.226892509e-01-2.225063104e-01-1.993342821e-01-1.885508881e-01
 -1.903830225e-01-1.972932769e-01-1.994477568e-01-1.928417507e-01
 -1.902518373e-01-2.002140680e-01-2.222736347e-01-2.221512336e-01
 -2.136197014e-01-2.002077810e-01-1.873288636e-01-1.794414565e-01
 -1.763433283e-01-1.754672511e-01-1.749787652e-01-1.732333122e-01
 -1.707105971e-01-1.680285303e-01-1.660968133e-01-1.660841914e-01
 -1.667470653e-01-1.667442824e-01-1.667416577e-01-1.669384166e-01
 -1.669466947e-01-1.683757935e-01-1.707666353e-01-1.707892243e-01
 -1.731924337e-01-1.743036611e-01-1.739841593e-01-1.745196786e-01
 -1.772915776e-01-1.851765637e-01-1.973136377e-01-2.139309342e-01
 -2.252554109e-01-2.287061203e-01-2.241925722e-01-2.081117506e-01
 -2.079623534e-01-2.010763504e-01-1.886286143e-01-1.861410687e-01
 -1.939530347e-01-1.973248715e-01-1.973986226e-01-1.999736143e-01
 -2.022696237e-01-2.000724950e-01-1.999979934e-01-1.965223348e-01
 -1.880557848e-01-1.903018560e-01-2.018917031e-01-2.084791794e-01
 -2.086168041e-01-2.239518461e-01-2.281089019e-01-2.245678438e-01
 -2.134824034e-01-1.972868702e-01-1.864523786e-01-1.780594894e-01
 -1.750693270e-01-1.744668453e-01-1.748645961e-01-1.739527037e-01
 -1.716367193e-01-1.716141696e-01-1.691028911e-01-1.673172850e-01
 -1.673042781e-01
  3.468007816e-02 3.166861398e-02 2.060042829e-02 7.363266326e-03
  1.530431003e-03 4.603310980e-03 1.431804963e-02 3.564259678e-02
  2.487650889e-02 2.106395855e-02 2.116683549e-02 2.523757725e-02
  3.677013194e-02 1.421382133e-02 4.177060083e-03 1.138647644e-03
  4.952527649e-03 1.774602256e-02 2.937568934e-02 3.344606586e-02
  2.932798820e-03 8.073436937e-03 1.295580464e-02 1.204558527e-02
 -1.745174561e-02 3.614059427e-04 9.285117735e-03 6.404561842e-03
 -6.662051772e-03-1.507453573e-03 4.143678220e-03 9.216230323e-03
 -5.845933488e-03-9.922624131e-03-1.185323430e-03 1.637697211e-02
 -1.153543883e-02-1.329969434e-02-1.017083472e-02-6.050583142e-03
  0.000000000e+00 0.000000000e+00-2.119935859e-03 6.336461436e-03
  0.000000000e+00-8.960448329e+03 0.000000000e+00-1.224867870e+03
  0.000000000e+00 0.000000000e+00-2.119935859e-03 6.336461436e-03
  0.000000000e+00-8.909808065e+03 0.000000000e+00-1.305143406e+03
 -1.814014688e+04
  0.000000000e+00 0.000000000e+00 0.000000000e+00 0.000000000e+00
  0.000000000e+00 0.000000000e+00 0.000000000e+00 0.000000000e+00
  0.000000000e+00 0.000000000e+00 0.000000000e+00 0.000000000e+00
  1.170126829e-01 1.000000000e-01 4.000000000e+01-5.888994002e-02
  1.103810419e+02 0.000000000e+00 9.990000000e+02 1.856533018e+05
 -1.000000000e+01 2.440868176e+00 0.000000000e+00-2.125378744e-01
 -1.000000000e+01-9.990000000e+02 2.743116916e+00 0.000000000e+00
  2.335057089e-02 4.911859640e-03 1.100786416e+00 2.165668926e+00
  3.530931793e+01 1.000000000e+10-8.900000000e+01-8.900000000e+01
 -8.900000000e+01-8.900000000e+01-8.900000000e+01-8.900000000e+01
  2.183754737e+00-8.900000000e+01-8.900000000e+01-8.900000000e+01
 -8.900000000e+01-8.900000000e+01-8.900000000e+01-8.900000000e+01
 -8.900000000e+01 1.218713650e+03-9.900000000e+01-9.900000000e+01
 -9.900000000e+01-9.900000000e+01 0.000000000e+00 0.000000000e+00
            MAG