 0.000000000e+00 6.516407261e-02 9.382458827e-02 1.156914980e-01 1.343794548e-01
 1.506540062e-01 1.654657655e-01 1.792590635e-01 1.919803988e-01 2.040313269e-01
 2.155785511e-01 2.264716474e-01 2.369575940e-01 2.470886192e-01 2.569276780e-01
 2.663658969e-01 2.755526044e-01 2.845448715e-01 2.933267192e-01 3.018679483e-01
 3.102159885e-01 3.184074490e-01 3.264675073e-01 3.344011968e-01 3.421606726e-01
 3.497880351e-01 3.573150625e-01 3.647578841e-01 3.721043248e-01 3.793297238e-01
 3.864676897e-01 3.935244688e-01 4.005037152e-01 4.074311987e-01 4.142895811e-01
 4.210624765e-01 4.277711419e-01 4.344204350e-01 4.410271572e-01 4.475961285e-01
 4.541059899e-01 4.605594969e-01 4.669684464e-01 4.733374262e-01 4.796680950e-01
 4.859684978e-01 4.922384427e-01 4.984702531e-01 5.046637279e-01 5.108234169e-01
 5.169606986e-01 5.230720989e-01 5.291643676e-01 5.352400490e-01 5.412810434e-01
 5.472947999e-01 5.532953675e-01 5.592812511e-01 5.652484778e-01 5.712051083e-01
 5.771458864e-01 5.830688446e-01 5.889820640e-01 5.948815277e-01 6.007669299e-01
 6.066500638e-01 6.125285201e-01 6.183970503e-01 6.242589466e-01 6.301136367e-01
 6.359607682e-01 6.418088091e-01 6.476539821e-01 6.534977628e-01 6.593443867e-01
 6.651903452e-01 6.710313837e-01 6.768751118e-01 6.827256394e-01 6.885770199e-01
 6.944352418e-01 7.002981468e-01 7.061645115e-01 7.120416491e-01 7.179270271e-01
 7.238165741e-01 7.297169707e-01 7.356289788e-01 7.415512226e-01 7.474889206e-01
 7.534390541e-01 7.593966380e-01 7.653743979e-01 7.713713788e-01 7.773770940e-01
 7.834035467e-01 7.894501337e-01 7.955125469e-01 8.016005134e-01 8.077109408e-01
 8.138358376e-01 8.199896488e-01 8.261697699e-01 8.323704886e-01 8.386020412e-01
 8.448588818e-01 8.511483531e-01 8.574718617e-01 8.638204665e-01 8.702051712e-01
 8.766200343e-01 8.830714706e-01 8.895687736e-01 8.960980998e-01 9.026700665e-01
 9.092879219e-01 9.159403511e-01 9.226451664e-01 9.293935170e-01 9.361902253e-01
 9.430491050e-01 9.499547593e-01 9.569194067e-01 9.639335519e-01 9.710114883e-01
 9.781556589e-01 9.853671951e-01 9.926509015e-01 1.000000000e+00
 1.100078665e+00 1.108412554e+00 1.116746443e+00 1.125080333e+00 1.133414222e+00
 1.141748111e+00 1.150082001e+00 1.158415890e+00 1.166749779e+00 1.175083669e+00
 1.183417558e+00 1.191751448e+00 1.200085337e+00 1.208419226e+00 1.216753116e+00
 1.225087005e+00 1.233420894e+00 1.241754784e+00 1.250088673e+00 1.258422562e+00
 1.266756452e+00 1.275090341e+00 1.283424230e+00 1.291758120e+00 1.300092009e+00
 1.308425898e+00 1.316759788e+00 1.325093677e+00 1.333427566e+00 1.341761456e+00
 1.350095345e+00 1.358429234e+00 1.366763124e+00 1.375097013e+00 1.383430902e+00
 1.391764792e+00 1.400098681e+00 1.408432570e+00 1.416766460e+00 1.425100349e+00
 1.433434238e+00 1.441768128e+00 1.450102017e+00 1.458435906e+00 1.466769796e+00
 1.475103685e+00 1.483437574e+00 1.491771464e+00 1.500105353e+00 1.508439242e+00
 1.516773132e+00 1.525107021e+00 1.533440910e+00 1.541774800e+00 1.550108689e+00
 1.558442578e+00 1.566776468e+00 1.575110357e+00 1.583444246e+00 1.591778136e+00
 1.600112025e+00 1.608445914e+00 1.616779804e+00 1.625113693e+00 1.633447582e+00
 1.641781472e+00 1.650115361e+00 1.658449250e+00 1.666783140e+00 1.675117029e+00
 1.683450918e+00 1.691784808e+00 1.700118697e+00 1.708452586e+00 1.716786476e+00
 1.725120365e+00 1.733454255e+00 1.741788144e+00 1.750122033e+00 1.758455923e+00
 1.766789812e+00 1.775123701e+00 1.783457591e+00 1.791791480e+00 1.800125369e+00
 1.808459259e+00 1.816793148e+00 1.825127037e+00 1.833460927e+00 1.841794816e+00
 1.850128705e+00 1.858462595e+00 1.866796484e+00 1.875130373e+00 1.883464263e+00
 1.891798152e+00 1.900132041e+00 1.908465931e+00 1.916799820e+00 1.925133709e+00
 1.933467599e+00 1.941801488e+00 1.950135377e+00 1.958469267e+00 1.966803156e+00
 1.975137045e+00 1.983470935e+00 1.991804824e+00 2.000138713e+00 2.008472603e+00
 2.016806492e+00 2.025140381e+00 2.033474271e+00 2.041808160e+00 2.050142049e+00
 2.058475939e+00 2.066809828e+00 2.075143717e+00 2.083477607e+00 2.091811496e+00
 2.100145385e+00 2.108479275e+00 2.116813164e+00 2.125147053e+00 2.133480943e+00
 2.141814832e+00 2.150148721e+00 2.158482611e+00 2.166816500e+00
 1.074548300e-05 2.519225952e-01 1.020757520e+00 2.335646421e+00 4.225605952e+00
 6.719485474e+00 9.845762307e+00 1.363248939e+01 1.810719379e+01 2.329673661e+01
 2.922719949e+01 3.592377914e+01 4.341064007e+01 5.171079510e+01 6.084598920e+01
 7.083653646e+01 8.170121059e+01 9.345711185e+01 1.061194989e+02 1.197016928e+02
 1.342149230e+02 1.496681721e+02 1.660680894e+02 1.834188184e+02 2.017218728e+02
 2.209760512e+02 2.411772582e+02 2.623184230e+02 2.843894090e+02 3.073768471e+02
 3.312641011e+02 3.560311672e+02 3.816545482e+02 4.081072559e+02 4.353587075e+02
 4.633746643e+02 4.921172582e+02 5.215449025e+02 5.516123074e+02 5.822705206e+02
 6.134668782e+02 6.451450941e+02 6.772453139e+02 7.097041326e+02 7.424547431e+02
 7.754270133e+02 8.085475904e+02 8.417400885e+02 8.749252107e+02 9.080209407e+02
 9.409427575e+02 9.736038275e+02 1.005915265e+03 1.037786376e+03 1.069124939e+03
 1.099837501e+03 1.129829670e+03 1.159006483e+03 1.187272708e+03 1.214533214e+03
 1.240693387e+03 1.265659441e+03 1.289338874e+03 1.311640895e+03 1.332476735e+03
 1.351760210e+03 1.369408085e+03 1.385340429e+03 1.399481239e+03 1.411758708e+03
 1.422105660e+03 1.430460153e+03 1.436765658e+03 1.440971583e+03 1.443033769e+03
 1.442914597e+03 1.440583605e+03 1.436017773e+03 1.429201614e+03 1.420127828e+03
 1.408797314e+03 1.395219319e+03 1.379411994e+03 1.361402164e+03 1.341225555e+03
 1.318927120e+03 1.294560637e+03 1.268188993e+03 1.239884176e+03 1.209726784e+03
 1.177806313e+03 1.144220748e+03 1.109076089e+03 1.072486513e+03 1.034573614e+03
 9.954659898e+02 9.552991502e+02 9.142145197e+02 8.723590843e+02 8.298849478e+02
 7.869482415e+02 7.437087777e+02 7.003292440e+02 6.569741359e+02 6.138093415e+02
 5.710010482e+02 5.287147720e+02 4.871148022e+02 4.463629564e+02 4.066177369e+02
 3.680335943e+02 3.307596985e+02 2.949392015e+02 2.607083604e+02 2.281954535e+02
 1.975201209e+02 1.687924542e+02 1.421121308e+02 1.175678261e+02 9.523640452e+01
 7.518230168e+01 5.745703635e+01 4.209862818e+01 2.913122955e+01 1.856480788e+01
 1.039486858e+01 4.602342163e+00 1.153526380e+00 1.440926454e-04
 1.100078665e+00 1.108412554e+00 1.116746443e+00 1.125080333e+00 1.133414222e+00
 1.141748111e+00 1.150082001e+00 1.158415890e+00 1.166749779e+00 1.175083669e+00
 1.183417558e+00 1.191751448e+00 1.200085337e+00 1.208419226e+00 1.216753116e+00
 1.225087005e+00 1.233420894e+00 1.241754784e+00 1.250088673e+00 1.258422562e+00
 1.266756452e+00 1.275090341e+00 1.283424230e+00 1.291758120e+00 1.300092009e+00
 1.308425898e+00 1.316759788e+00 1.325093677e+00 1.333427566e+00 1.341761456e+00
 1.350095345e+00 1.358429234e+00 1.366763124e+00 1.375097013e+00 1.383430902e+00
 1.391764792e+00 1.400098681e+00 1.408432570e+00 1.416766460e+00 1.425100349e+00
 1.433434238e+00 1.441768128e+00 1.450102017e+00 1.458435906e+00 1.466769796e+00
 1.475103685e+00 1.483437574e+00 1.491771464e+00 1.500105353e+00 1.508439242e+00
 1.516773132e+00 1.525107021e+00 1.533440910e+00 1.541774800e+00 1.550108689e+00
 1.558442578e+00 1.566776468e+00 1.575110357e+00 1.583444246e+00 1.591778136e+00
 1.600112025e+00 1.608445914e+00 1.616779804e+00 1.625113693e+00 1.633447582e+00
 1.641781472e+00 1.650115361e+00 1.658449250e+00 1.666783140e+00 1.675117029e+00
 1.683450918e+00 1.691784808e+00 1.700118697e+00 1.708452586e+00 1.716786476e+00
 1.725120365e+00 1.733454255e+00 1.741788144e+00 1.750122033e+00 1.758455923e+00
 1.766789812e+00 1.775123701e+00 1.783457591e+00 1.791791480e+00 1.800125369e+00
 1.808459259e+00 1.816793148e+00 1.825127037e+00 1.833460927e+00 1.841794816e+00
 1.850128705e+00 1.858462595e+00 1.866796484e+00 1.875130373e+00 1.883464263e+00
 1.891798152e+00 1.900132041e+00 1.908465931e+00 1.916799820e+00 1.925133709e+00
 1.933467599e+00 1.941801488e+00 1.950135377e+00 1.958469267e+00 1.966803156e+00
 1.975137045e+00 1.983470935e+00 1.991804824e+00 2.000138713e+00 2.008472603e+00
 2.016806492e+00 2.025140381e+00 2.033474271e+00 2.041808160e+00 2.050142049e+00
 2.058475939e+00 2.066809828e+00 2.075143717e+00 2.083477607e+00 2.091811496e+00
 2.100145385e+00 2.108479275e+00 2.116813164e+00 2.125147053e+00 2.133480943e+00
 2.141814832e+00 2.150148721e+00 2.158482611e+00 2.166816500e+00
 7.900031638e+00 7.649785245e+00 7.411797197e+00 7.186009688e+00 6.971261053e+00
 6.766759705e+00 6.571873475e+00 6.386061071e+00 6.208518766e+00 6.038964677e+00
 5.876963076e+00 5.722083134e+00 5.574018204e+00 5.432117750e+00 5.296406755e+00
 5.166464956e+00 5.041831315e+00 4.922388986e+00 4.807830177e+00 4.698034164e+00
 4.592617800e+00 4.491477391e+00 4.394321316e+00 4.301142280e+00 4.211518665e+00
 4.125493495e+00 4.042855374e+00 3.963486005e+00 3.887115610e+00 3.813798630e+00
 3.743321550e+00 3.675621907e+00 3.610436105e+00 3.547897325e+00 3.487722865e+00
 3.429995895e+00 3.374375928e+00 3.321030242e+00 3.269854133e+00 3.220635240e+00
 3.173336044e+00 3.127990484e+00 3.084604838e+00 3.042768336e+00 3.002804807e+00
 2.964564093e+00 2.927936232e+00 2.892809223e+00 2.859180147e+00 2.827338029e+00
 2.796785779e+00 2.767712553e+00 2.739990402e+00 2.713676641e+00 2.689022596e+00
 2.665296505e+00 2.642975319e+00 2.622074920e+00 2.602265043e+00 2.584247884e+00
 2.566830416e+00 2.551578802e+00 2.537219213e+00 2.524230273e+00 2.512066450e+00
 2.502873255e+00 2.495175455e+00 2.487114802e+00 2.486559951e+00 2.495815285e+00
 2.498897869e+00 2.489728263e+00 2.471925080e+00 2.453429419e+00 2.442152368e+00
 2.442845997e+00 2.455382588e+00 2.474624421e+00 2.492045578e+00 2.499246363e+00
 2.493485822e+00 2.485229231e+00 2.490080598e+00 2.498744644e+00 2.507645633e+00
 2.519870323e+00 2.534146198e+00 2.550077047e+00 2.567366677e+00 2.587378267e+00
 2.608766519e+00 2.632696916e+00 2.658395303e+00 2.686343536e+00 2.716273085e+00
 2.748973430e+00 2.783962948e+00 2.821378128e+00 2.861748559e+00 2.905002016e+00
 2.951597719e+00 3.001312413e+00 3.054556771e+00 3.111662393e+00 3.172832755e+00
 3.238358702e+00 3.308451606e+00 3.383780426e+00 3.464523350e+00 3.551312190e+00
 3.644482738e+00 3.744758955e+00 3.852771099e+00 3.969295275e+00 4.095164980e+00
 4.231327993e+00 4.379060807e+00 4.539611236e+00 4.714526719e+00 4.905506777e+00
 5.114665260e+00 5.344685087e+00 5.598403839e+00 5.879373748e+00 6.192227859e+00
 6.542144482e+00 6.936143376e+00 7.383186360e+00 7.895506994e+00
 1.000000000e+00 1.013000000e+00 1.026000000e+00 1.039000000e+00 1.052000000e+00
 1.065000000e+00 1.078000000e+00 1.091000000e+00 1.104000000e+00 1.117000000e+00
 1.130000000e+00 1.143000000e+00 1.156000000e+00 1.169000000e+00 1.182000000e+00
 1.195000000e+00 1.208000000e+00 1.221000000e+00 1.234000000e+00 1.247000000e+00
 1.260000000e+00 1.273000000e+00 1.286000000e+00 1.299000000e+00 1.312000000e+00
 1.325000000e+00 1.338000000e+00 1.351000000e+00 1.364000000e+00 1.377000000e+00
 1.390000000e+00 1.403000000e+00 1.416000000e+00 1.429000000e+00 1.442000000e+00
 1.455000000e+00 1.468000000e+00 1.481000000e+00 1.494000000e+00 1.507000000e+00
 1.520000000e+00 1.533000000e+00 1.546000000e+00 1.559000000e+00 1.572000000e+00
 1.585000000e+00 1.598000000e+00 1.611000000e+00 1.624000000e+00 1.637000000e+00
 1.650000000e+00 1.663000000e+00 1.676000000e+00 1.689000000e+00 1.702000000e+00
 1.715000000e+00 1.728000000e+00 1.741000000e+00 1.754000000e+00 1.767000000e+00
 1.780000000e+00 1.793000000e+00 1.806000000e+00 1.819000000e+00 1.832000000e+00
 1.845000000e+00 1.858000000e+00 1.871000000e+00 1.884000000e+00 1.897000000e+00
 1.910000000e+00 1.923000000e+00 1.936000000e+00 1.949000000e+00 1.962000000e+00
 1.975000000e+00 1.988000000e+00 2.001000000e+00 2.014000000e+00 2.027000000e+00
 2.040000000e+00 2.053000000e+00 2.066000000e+00 2.079000000e+00 2.092000000e+00
 2.105000000e+00 2.118000000e+00 2.131000000e+00 2.144000000e+00 2.157000000e+00
 2.170000000e+00 2.183000000e+00 2.196000000e+00 2.209000000e+00 2.222000000e+00
 2.235000000e+00 2.248000000e+00 2.261000000e+00 2.274000000e+00 2.287000000e+00
 2.300000000e+00 2.313000000e+00 2.326000000e+00 2.339000000e+00 2.352000000e+00
 2.365000000e+00 2.378000000e+00 2.391000000e+00 2.404000000e+00 2.417000000e+00
 2.430000000e+00 2.443000000e+00 2.456000000e+00 2.469000000e+00 2.482000000e+00
 2.495000000e+00 2.508000000e+00 2.521000000e+00 2.534000000e+00 2.547000000e+00
 2.560000000e+00 2.573000000e+00 2.586000000e+00 2.599000000e+00 2.612000000e+00
 2.625000000e+00 2.638000000e+00 2.651000000e+00 2.664000000e+00
 0.000000000e+00 0.000000000e+00 0.000000000e+00 0.000000000e+00 0.000000000e+00
 0.000000000e+00 0.000000000e+00 0.000000000e+00 1.147888956e+03 5.861887221e+03
 1.072205837e+04 1.572668408e+04 2.087358987e+04 2.616012279e+04 3.158313119e+04
 3.713894556e+04 4.282336042e+04 4.863161701e+04 5.455838694e+04 6.059775679e+04
 6.674321397e+04 7.298763370e+04 7.932326755e+04 8.574173350e+04 9.223400766e+04
 9.879041802e+04 1.054006401e+05 1.120536947e+05 1.187379486e+05 1.254411168e+05
 1.321502683e+05 1.388518343e+05 1.455316197e+05 1.521748171e+05 1.587660249e+05
 1.652892687e+05 1.717280254e+05 1.780652522e+05 1.842834187e+05 1.903645432e+05
 1.962902329e+05 2.020417279e+05 2.075999502e+05 2.129455561e+05 2.180589929e+05
 2.229205606e+05 2.275104765e+05 2.318089453e+05 2.357962326e+05 2.394527424e+05
 2.427590986e+05 2.456962306e+05 2.482454616e+05 2.503886015e+05 2.521080415e+05
 2.533868526e+05 2.542088859e+05 2.545588759e+05 2.544225441e+05 2.537867058e+05
 2.526393760e+05 2.509698768e+05 2.487689442e+05 2.460288345e+05 2.427434285e+05
 2.389083347e+05 2.345209893e+05 2.295807530e+05 2.240890035e+05 2.180492235e+05
 2.114670829e+05 2.043505141e+05 1.967097813e+05 1.885575405e+05 1.799088914e+05
 1.707814193e+05 1.611952267e+05 1.511729535e+05 1.407397854e+05 1.299234490e+05
 1.187541937e+05 1.072647596e+05 9.549033013e+04 8.346846947e+04 7.123904446e+04
 5.884412993e+04 4.632789791e+04 3.373648999e+04 2.111787233e+04 8.521671571e+03
 0.000000000e+00 0.000000000e+00 0.000000000e+00 0.000000000e+00 0.000000000e+00
 0.000000000e+00 0.000000000e+00 0.000000000e+00 0.000000000e+00 0.000000000e+00
 0.000000000e+00 0.000000000e+00 0.000000000e+00 0.000000000e+00 0.000000000e+00
 0.000000000e+00 0.000000000e+00 0.000000000e+00 0.000000000e+00 0.000000000e+00
 0.000000000e+00 0.000000000e+00 0.000000000e+00 0.000000000e+00 0.000000000e+00
 0.000000000e+00 0.000000000e+00 0.000000000e+00 0.000000000e+00 0.000000000e+00
 0.000000000e+00 0.000000000e+00 0.000000000e+00 0.000000000e+00 0.000000000e+00
 0.000000000e+00 0.000000000e+00 0.000000000e+00 0.000000000e+00
    2
 0.000000000e+00 0.000000000e+00 0.000000000e+00 0.000000000e+00 0.000000000e+00
 0.000000000e+00 0.000000000e+00 0.000000000e+00 0.000000000e+00 0.000000000e+00
 0.000000000e+00 0.000000000e+00 0.000000000e+00 0.000000000e+00 0.000000000e+00
 0.000000000e+00 0.000000000e+00 0.000000000e+00 0.000000000e+00 0.000000000e+00
 0.000000000e+00 0.000000000e+00 0.000000000e+00 0.000000000e+00 0.000000000e+00
 0.000000000e+00 0.000000000e+00 0.000000000e+00 0.000000000e+00 0.000000000e+00
 0.000000000e+00 0.000000000e+00 0.000000000e+00 0.000000000e+00 0.000000000e+00
 0.000000000e+00 0.000000000e+00 0.000000000e+00 0.000000000e+00 0.000000000e+00
 0.000000000e+00 0.000000000e+00 0.000000000e+00 0.000000000e+00 0.000000000e+00
 0.000000000e+00 0.000000000e+00 0.000000000e+00 0.000000000e+00 0.000000000e+00
 0.000000000e+00 0.000000000e+00 0.000000000e+00 0.000000000e+00 0.000000000e+00
 0.000000000e+00 0.000000000e+00 0.000000000e+00 0.000000000e+00 0.000000000e+00
 0.000000000e+00 0.000000000e+00 0.000000000e+00 0.000000000e+00 0.000000000e+00
 0.000000000e+00 0.000000000e+00 0.000000000e+00 0.000000000e+00 0.000000000e+00
 0.000000000e+00 0.000000000e+00 0.000000000e+00 0.000000000e+00 0.000000000e+00
 0.000000000e+00 0.000000000e+00 0.000000000e+00 0.000000000e+00 0.000000000e+00
 0.000000000e+00 0.000000000e+00 0.000000000e+00 0.000000000e+00 0.000000000e+00
 0.000000000e+00 0.000000000e+00 0.000000000e+00 0.000000000e+00 0.000000000e+00
 0.000000000e+00 0.000000000e+00 0.000000000e+00 0.000000000e+00 0.000000000e+00
 0.000000000e+00 0.000000000e+00 0.000000000e+00 0.000000000e+00 0.000000000e+00
 0.000000000e+00 0.000000000e+00 0.000000000e+00 0.000000000e+00 0.000000000e+00
 0.000000000e+00 0.000000000e+00 0.000000000e+00 0.000000000e+00 0.000000000e+00
 0.000000000e+00 0.000000000e+00 0.000000000e+00 0.000000000e+00 0.000000000e+00
 0.000000000e+00 0.000000000e+00 0.000000000e+00 0.000000000e+00 0.000000000e+00
 0.000000000e+00 0.000000000e+00 0.000000000e+00 0.000000000e+00 0.000000000e+00
 0.000000000e+00 0.000000000e+00 0.000000000e+00 0.000000000e+00
