08/27/20 13/11/2014
 36000               1
  4.000000000e+02
* 400.000             1               0 OUT   3   2 CLC    39   40
  5.255215933e+00 1.650000000e+02 1.374739776e+00 1.519352722e+05
  1.513174399e+05 1.632856603e+02 1.013363684e-01 4.138660023e+01
  1.000734313e+00-1.877031958e-02 3.881939725e-03 5.502278155e+06
  1.655456547e+02 4.133688508e-02 5.258399111e+00 1.209114132e-01
  4.349157135e-01 9.975175928e-01 4.061709054e-01 3.159002665e-03
  4.280196070e+00 2.027155732e+00 4.803307802e+00 9.125036621e+01
  0.000000000e+00 0.000000000e+00 0.000000000e+00
  0.000000000e+00 0.000000000e+00 0.000000000e+00
  0.000000000e+00 0.000000000e+00
  0.000000000e+00 0.000000000e+00
  1.745672082e+00 7.324660419e-02 1.982615195e+00 8.750816823e-01
  9.864848103e-01 5.271564019e+00-1.576860536e+01-7.796689021e+00
 -1.017384934e-01 1.063673011e-01 5.362399660e-01 7.662562498e+03
  5.512817186e-04 1.014153511e+00 1.974164537e+00 0.000000000e+00
  1.011074206e+00 1.626170685e+00 0.000000000e+00 0.000000000e+00
  -1.000000000e+02-1.017215632e+01 1.359411634e+00 1.355404518e+00
  1.000000000e+02 2.377571268e+00 2.816816910e+01 1.000000000e+03
  1.673537752e+02 6.470277581e-02 1.460989872e-01 0.000000000e+00
  0.000000000e+00 0.000000000e+00 0.000000000e+00 0.000000000e+00
  0.000000000e+00 0.000000000e+00 1.432884247e+00 5.000000000e+00
     4   18    6    0
  9.871244468e-02 9.859795302e-02 8.479918704e-02 8.448521370e-02
  6.548643112e-02 6.806688463e-02 6.784601332e-02 6.573904368e-02
  6.778753102e-02 6.795885223e-02 6.532610745e-02 5.643016018e-02
  5.690083160e-02 5.671064693e-02 5.544620310e-02 5.356752057e-02
  5.268575685e-02 5.369434299e-02 5.570239850e-02 5.706522079e-02
  5.726431601e-02 5.671642482e-02
  3.235914269e+03 1.010843725e+04-3.054869315e+02 3.480154225e+01
  1.274836295e+01 9.194631310e+00
  0.000000000e+00 0.000000000e+00 0.000000000e+00 0.000000000e+00
  0.000000000e+00 0.000000000e+00 0.000000000e+00 0.000000000e+00
  0.000000000e+00 0.000000000e+00 0.000000000e+00 0.000000000e+00
  1.189028649e-01 1.000000000e-01 4.000000000e+01 1.222187865e-01
  1.094291619e+02 0.000000000e+00 9.990000000e+02 2.902936463e+05
 -1.000000000e+01 1.974164537e+00 0.000000000e+00-1.873744297e-01
 -1.000000000e+01-9.990000000e+02 2.252331026e+00 0.000000000e+00
  2.383283336e-02 4.896824531e-03 1.218990601e+00 2.046722605e+00
  2.663758123e+01 1.000000000e+10-8.900000000e+01-8.900000000e+01
 -8.900000000e+01-8.900000000e+01-8.900000000e+01-8.900000000e+01
  1.662676075e+00-8.900000000e+01-8.900000000e+01-8.900000000e+01
 -8.900000000e+01-8.900000000e+01-8.900000000e+01-8.900000000e+01
 -8.900000000e+01 5.995352251e+02-9.900000000e+01 1.459007921e-01
 -9.900000000e+01 1.668750000e+02 0.000000000e+00 0.000000000e+00
            MAG