09/28/22 13/11/2014
   525               1
  1.400000000e+02
* 140.000             1               0  IN   3   2 CLC    39   40
  7.536739114e+00 1.780000000e+02 6.489141045e-01 1.298413008e+05
  1.364127894e+05 1.597536115e+02 3.466399848e+00 4.975337960e+01
  1.054579586e+00-9.323692518e-04 2.519650903e-02 8.312653618e+06
  1.619981289e+02 3.557429998e+00 4.921083612e+00 1.650169282e-01
  3.063379586e-01 9.922673876e-01 2.318757852e-04 2.913014199e+01
  3.000000000e-01 4.204827694e+01 4.559894504e+00 6.047463485e+01
  0.000000000e+00 0.000000000e+00 0.000000000e+00
  0.000000000e+00 0.000000000e+00 0.000000000e+00
  0.000000000e+00 0.000000000e+00
  0.000000000e+00 0.000000000e+00
  1.869369056e+00 5.306649131e-02 1.890055783e+00 7.094761884e-01
  9.241018930e-01 5.039685555e+00-8.439459627e+00-4.801703537e+00
 -6.709843613e-02-1.677148706e-01 8.291169928e-01 4.279890370e+03
  9.330316908e-04 1.056649478e+00 1.802911984e+00 0.000000000e+00
  1.064979065e+00 1.556974928e+00 0.000000000e+00 0.000000000e+00
  2.345008843e+02-1.063407261e+02 2.359115663e+02 1.069201921e+02
 -1.000000000e+02-6.886015388e+00 7.063120182e-01 7.014293970e-01
  1.000000000e+02 1.716394233e+01 3.678337043e+01 1.000000000e+03
  1.646733243e+02 3.585905974e+00-1.329035064e-01 0.000000000e+00
  0.000000000e+00 0.000000000e+00 0.000000000e+00 0.000000000e+00
  0.000000000e+00 0.000000000e+00 1.478087312e+00 5.000000000e+00
    89   40   16    1
 -1.722187493e-01-1.722305455e-01-1.747664054e-01-1.789913213e-01
 -1.832200988e-01-1.864906549e-01-1.882765415e-01-1.896044766e-01
 -1.934977630e-01-2.026554237e-01-2.174559058e-01-2.327132150e-01
 -2.422373433e-01-2.420064275e-01-2.162399628e-01-2.042971858e-01
 -2.072659175e-01-2.158638986e-01-2.180921857e-01-2.100963730e-01
 -2.068020695e-01-2.180324283e-01-2.428023584e-01-2.426909676e-01
 -2.331711499e-01-2.181687844e-01-2.036541032e-01-1.945831088e-01
 -1.907923394e-01-1.893939109e-01-1.878242620e-01-1.847869695e-01
 -1.806700601e-01-1.762227832e-01-1.728798301e-01-1.728573383e-01
 -1.738451432e-01-1.738398057e-01-1.738347452e-01-1.741493122e-01
 -1.741633726e-01-1.765984398e-01-1.806042497e-01-1.806418410e-01
 -1.847027999e-01-1.870960530e-01-1.873770201e-01-1.883472799e-01
 -1.917020791e-01-2.006683478e-01-2.142278930e-01-2.326695803e-01
 -2.452104743e-01-2.490100198e-01-2.439815086e-01-2.261044304e-01
 -2.259387310e-01-2.182847041e-01-2.044986157e-01-2.018545841e-01
 -2.116673328e-01-2.157516209e-01-2.158408781e-01-2.191009187e-01
 -2.214575767e-01-2.187164026e-01-2.186284734e-01-2.145245721e-01
 -2.044481138e-01-2.069699653e-01-2.200266268e-01-2.274260915e-01
 -2.275803555e-01-2.447796004e-01-2.494490521e-01-2.455195571e-01
 -2.331482102e-01-2.150273262e-01-2.028152565e-01-1.931734277e-01
 -1.895084427e-01-1.884228978e-01-1.882258963e-01-1.860917625e-01
 -1.821711380e-01-1.821337997e-01-1.779458809e-01-1.748693809e-01
 -1.748464454e-01
  5.640670779e-02 5.113846669e-02 3.289338599e-02 1.363771247e-02
  3.560439289e-03 7.151109130e-03 1.835060012e-02 4.314437819e-02
  3.006968059e-02 2.546814429e-02 2.553033404e-02 3.029330122e-02
  4.391794483e-02 1.797673342e-02 6.485895259e-03 3.053485516e-03
  9.602453140e-03 2.778577543e-02 4.660179518e-02 5.388829973e-02
  4.926361406e-03 1.381153533e-02 2.139217386e-02 1.953659318e-02
 -1.933841145e-02 1.009378842e-03 1.156163297e-02 8.081414637e-03
 -7.747701548e-03-1.865144181e-03 4.588658091e-03 1.040555326e-02
 -7.215424253e-03-1.181871493e-02-1.558478566e-03 1.848143636e-02
 -1.869511295e-02-2.177936267e-02-1.761113887e-02-1.083546817e-02
  0.000000000e+00 0.000000000e+00-2.119935859e-03 6.336461436e-03
  0.000000000e+00-9.925507463e+03 0.000000000e+00-1.448614368e+03
  0.000000000e+00 0.000000000e+00-2.119935859e-03 6.336461436e-03
  0.000000000e+00-9.935667610e+03 0.000000000e+00-1.517302605e+03
 -1.966440144e+04
  0.000000000e+00 0.000000000e+00 0.000000000e+00 0.000000000e+00
  0.000000000e+00 0.000000000e+00 0.000000000e+00 0.000000000e+00
  0.000000000e+00 0.000000000e+00 0.000000000e+00 0.000000000e+00
  1.221512499e-01 1.000000000e-01 4.000000000e+01-9.394940567e-02
  1.069251964e+02 0.000000000e+00 9.990000000e+02 1.204659304e+05
 -1.000000000e+01 1.802911984e+00 0.000000000e+00-2.609353024e-01
 -1.000000000e+01-9.990000000e+02 2.412555082e+00 0.000000000e+00
  2.456317419e-02 4.799992563e-03 1.100998486e+00 2.093707883e+00
  3.238554064e+01 1.000000000e+10-8.900000000e+01-8.900000000e+01
 -8.900000000e+01-8.900000000e+01-8.900000000e+01-8.900000000e+01
  1.655311819e+00-8.900000000e+01-8.900000000e+01-8.900000000e+01
 -8.900000000e+01-8.900000000e+01-8.900000000e+01-8.900000000e+01
 -8.900000000e+01 6.437597631e+02-9.900000000e+01-1.387525311e-01
 -9.900000000e+01 1.637000000e+02 0.000000000e+00 0.000000000e+00
            MAG