 0.000000000e+00 6.523979487e-02 9.386839719e-02 1.160933484e-01 1.346563980e-01
 1.512051836e-01 1.660157769e-01 1.798525298e-01 1.927313767e-01 2.047961091e-01
 2.163127382e-01 2.273933476e-01 2.379267701e-01 2.480476068e-01 2.579119416e-01
 2.674878223e-01 2.767315079e-01 2.857370701e-01 2.945116366e-01 3.031427725e-01
 3.115957420e-01 3.198163367e-01 3.278943097e-01 3.358386072e-01 3.436665138e-01
 3.513892192e-01 3.589626557e-01 3.664197112e-01 3.737780021e-01 3.810546685e-01
 3.882622123e-01 3.953852481e-01 4.024072521e-01 4.093470017e-01 4.162239399e-01
 4.230513358e-01 4.298160587e-01 4.365261822e-01 4.431750642e-01 4.497644925e-01
 4.562925761e-01 4.627849323e-01 4.692475110e-01 4.756696551e-01 4.820450116e-01
 4.883745675e-01 4.946667886e-01 5.009253866e-01 5.071569205e-01 5.133610277e-01
 5.195424145e-01 5.256946894e-01 5.318160657e-01 5.379039349e-01 5.439767732e-01
 5.500282132e-01 5.560603036e-01 5.620822833e-01 5.680884521e-01 5.740662254e-01
 5.800238709e-01 5.859735042e-01 5.919158165e-01 5.978393232e-01 6.037532881e-01
 6.096656818e-01 6.155657095e-01 6.214508669e-01 6.273301522e-01 6.332031044e-01
 6.390706011e-01 6.449357134e-01 6.508025888e-01 6.566646681e-01 6.625167264e-01
 6.683746463e-01 6.742307261e-01 6.800828386e-01 6.859389689e-01 6.918028107e-01
 6.976660574e-01 7.035308477e-01 7.094017561e-01 7.152807705e-01 7.211623673e-01
 7.270495206e-01 7.329470012e-01 7.388543933e-01 7.447643870e-01 7.506956667e-01
 7.566319069e-01 7.625770915e-01 7.685372025e-01 7.745149048e-01 7.805031223e-01
 7.865015673e-01 7.925205493e-01 7.985601266e-01 8.046111899e-01 8.106860570e-01
 8.167824777e-01 8.228921214e-01 8.290245859e-01 8.351835133e-01 8.413611821e-01
 8.475623705e-01 8.537950845e-01 8.600602534e-01 8.663430039e-01 8.726561302e-01
 8.790004819e-01 8.853708537e-01 8.917773711e-01 8.982231150e-01 9.047026325e-01
 9.112173158e-01 9.177759101e-01 9.243653042e-01 9.309909351e-01 9.376674480e-01
 9.443875708e-01 9.511561588e-01 9.579803676e-01 9.648476297e-01 9.717606029e-01
 9.787352911e-01 9.857558974e-01 9.928380562e-01 1.000000000e+00
 1.100030667e+00 1.107803703e+00 1.115576740e+00 1.123349776e+00 1.131122812e+00
 1.138895849e+00 1.146668885e+00 1.154441922e+00 1.162214958e+00 1.169987995e+00
 1.177761031e+00 1.185534067e+00 1.193307104e+00 1.201080140e+00 1.208853177e+00
 1.216626213e+00 1.224399250e+00 1.232172286e+00 1.239945322e+00 1.247718359e+00
 1.255491395e+00 1.263264432e+00 1.271037468e+00 1.278810504e+00 1.286583541e+00
 1.294356577e+00 1.302129614e+00 1.309902650e+00 1.317675687e+00 1.325448723e+00
 1.333221759e+00 1.340994796e+00 1.348767832e+00 1.356540869e+00 1.364313905e+00
 1.372086941e+00 1.379859978e+00 1.387633014e+00 1.395406051e+00 1.403179087e+00
 1.410952124e+00 1.418725160e+00 1.426498196e+00 1.434271233e+00 1.442044269e+00
 1.449817306e+00 1.457590342e+00 1.465363379e+00 1.473136415e+00 1.480909451e+00
 1.488682488e+00 1.496455524e+00 1.504228561e+00 1.512001597e+00 1.519774633e+00
 1.527547670e+00 1.535320706e+00 1.543093743e+00 1.550866779e+00 1.558639816e+00
 1.566412852e+00 1.574185888e+00 1.581958925e+00 1.589731961e+00 1.597504998e+00
 1.605278034e+00 1.613051070e+00 1.620824107e+00 1.628597143e+00 1.636370180e+00
 1.644143216e+00 1.651916253e+00 1.659689289e+00 1.667462325e+00 1.675235362e+00
 1.683008398e+00 1.690781435e+00 1.698554471e+00 1.706327508e+00 1.714100544e+00
 1.721873580e+00 1.729646617e+00 1.737419653e+00 1.745192690e+00 1.752965726e+00
 1.760738762e+00 1.768511799e+00 1.776284835e+00 1.784057872e+00 1.791830908e+00
 1.799603945e+00 1.807376981e+00 1.815150017e+00 1.822923054e+00 1.830696090e+00
 1.838469127e+00 1.846242163e+00 1.854015199e+00 1.861788236e+00 1.869561272e+00
 1.877334309e+00 1.885107345e+00 1.892880382e+00 1.900653418e+00 1.908426454e+00
 1.916199491e+00 1.923972527e+00 1.931745564e+00 1.939518600e+00 1.947291637e+00
 1.955064673e+00 1.962837709e+00 1.970610746e+00 1.978383782e+00 1.986156819e+00
 1.993929855e+00 2.001702891e+00 2.009475928e+00 2.017248964e+00 2.025022001e+00
 2.032795037e+00 2.040568074e+00 2.048341110e+00 2.056114146e+00 2.063887183e+00
 2.071660219e+00 2.079433256e+00 2.087206292e+00 2.094979328e+00
 1.828387169e-05 3.067551834e-01 1.240832466e+00 2.836026991e+00 5.125092309e+00
 8.139817909e+00 1.191062380e+01 1.646649009e+01 2.183485644e+01 2.804140954e+01
 3.510996316e+01 4.306228942e+01 5.191799474e+01 6.169437160e+01 7.240624296e+01
 8.406587209e+01 9.668278561e+01 1.102636939e+02 1.248123649e+02 1.403294990e+02
 1.568126794e+02 1.742562253e+02 1.926511625e+02 2.119851350e+02 2.322423321e+02
 2.534034877e+02 2.754457866e+02 2.983428944e+02 3.220649220e+02 3.465784237e+02
 3.718464476e+02 3.978285201e+02 4.244807349e+02 4.517557861e+02 4.796030485e+02
 5.079686769e+02 5.367956913e+02 5.660241145e+02 5.955910881e+02 6.254310367e+02
 6.554758096e+02 6.856548803e+02 7.158955157e+02 7.461229839e+02 7.762607925e+02
 8.062308610e+02 8.359538406e+02 8.653492875e+02 8.943359648e+02 9.228321355e+02
 9.507557484e+02 9.780248703e+02 1.004557833e+03 1.030273621e+03 1.055092190e+03
 1.078934644e+03 1.101723764e+03 1.123384085e+03 1.143842364e+03 1.163027877e+03
 1.180872570e+03 1.197311644e+03 1.212283539e+03 1.225730445e+03 1.237598540e+03
 1.247838094e+03 1.256404061e+03 1.263255944e+03 1.268358318e+03 1.271680961e+03
 1.273198889e+03 1.272892917e+03 1.270749366e+03 1.266760574e+03 1.260924880e+03
 1.253246568e+03 1.243736352e+03 1.232410915e+03 1.219293371e+03 1.204413066e+03
 1.187805442e+03 1.169512377e+03 1.149581586e+03 1.128066976e+03 1.105028279e+03
 1.080530814e+03 1.054645664e+03 1.027448953e+03 9.990220787e+02 9.694511772e+02
 9.388267987e+02 9.072439119e+02 8.748010892e+02 8.416006027e+02 8.077477648e+02
 7.733505301e+02 7.385193352e+02 7.033662507e+02 6.680049422e+02 6.325499382e+02
 5.971161926e+02 5.618187914e+02 5.267721336e+02 4.920897800e+02 4.578837188e+02
 4.242639271e+02 3.913379996e+02 3.592104236e+02 3.279823561e+02 2.977509651e+02
 2.686090338e+02 2.406445843e+02 2.139403037e+02 1.885733086e+02 1.646146341e+02
 1.421289298e+02 1.211741530e+02 1.018011950e+02 8.405370154e+01 6.796775957e+01
 5.357173336e+01 4.088612255e+01 2.992337218e+01 2.068778416e+01 1.317562400e+01
 7.374998914e+00 3.265503045e+00 8.191645321e-01 1.238344877e-04
 1.100030667e+00 1.107803703e+00 1.115576740e+00 1.123349776e+00 1.131122812e+00
 1.138895849e+00 1.146668885e+00 1.154441922e+00 1.162214958e+00 1.169987995e+00
 1.177761031e+00 1.185534067e+00 1.193307104e+00 1.201080140e+00 1.208853177e+00
 1.216626213e+00 1.224399250e+00 1.232172286e+00 1.239945322e+00 1.247718359e+00
 1.255491395e+00 1.263264432e+00 1.271037468e+00 1.278810504e+00 1.286583541e+00
 1.294356577e+00 1.302129614e+00 1.309902650e+00 1.317675687e+00 1.325448723e+00
 1.333221759e+00 1.340994796e+00 1.348767832e+00 1.356540869e+00 1.364313905e+00
 1.372086941e+00 1.379859978e+00 1.387633014e+00 1.395406051e+00 1.403179087e+00
 1.410952124e+00 1.418725160e+00 1.426498196e+00 1.434271233e+00 1.442044269e+00
 1.449817306e+00 1.457590342e+00 1.465363379e+00 1.473136415e+00 1.480909451e+00
 1.488682488e+00 1.496455524e+00 1.504228561e+00 1.512001597e+00 1.519774633e+00
 1.527547670e+00 1.535320706e+00 1.543093743e+00 1.550866779e+00 1.558639816e+00
 1.566412852e+00 1.574185888e+00 1.581958925e+00 1.589731961e+00 1.597504998e+00
 1.605278034e+00 1.613051070e+00 1.620824107e+00 1.628597143e+00 1.636370180e+00
 1.644143216e+00 1.651916253e+00 1.659689289e+00 1.667462325e+00 1.675235362e+00
 1.683008398e+00 1.690781435e+00 1.698554471e+00 1.706327508e+00 1.714100544e+00
 1.721873580e+00 1.729646617e+00 1.737419653e+00 1.745192690e+00 1.752965726e+00
 1.760738762e+00 1.768511799e+00 1.776284835e+00 1.784057872e+00 1.791830908e+00
 1.799603945e+00 1.807376981e+00 1.815150017e+00 1.822923054e+00 1.830696090e+00
 1.838469127e+00 1.846242163e+00 1.854015199e+00 1.861788236e+00 1.869561272e+00
 1.877334309e+00 1.885107345e+00 1.892880382e+00 1.900653418e+00 1.908426454e+00
 1.916199491e+00 1.923972527e+00 1.931745564e+00 1.939518600e+00 1.947291637e+00
 1.955064673e+00 1.962837709e+00 1.970610746e+00 1.978383782e+00 1.986156819e+00
 1.993929855e+00 2.001702891e+00 2.009475928e+00 2.017248964e+00 2.025022001e+00
 2.032795037e+00 2.040568074e+00 2.048341110e+00 2.056114146e+00 2.063887183e+00
 2.071660219e+00 2.079433256e+00 2.087206292e+00 2.094979328e+00
 5.038399010e+00 4.878394075e+00 4.726973253e+00 4.583958531e+00 4.448581955e+00
 4.320322694e+00 4.198452075e+00 4.082460860e+00 3.972249691e+00 3.867355322e+00
 3.767376412e+00 3.672218808e+00 3.581487576e+00 3.494888740e+00 3.412244735e+00
 3.333416424e+00 3.258021831e+00 3.185952584e+00 3.117200776e+00 3.051282834e+00
 2.988267928e+00 2.928022121e+00 2.870337135e+00 2.815038897e+00 2.762181807e+00
 2.711527800e+00 2.662970607e+00 2.616492149e+00 2.571985564e+00 2.529300051e+00
 2.488377094e+00 2.449282156e+00 2.411694709e+00 2.375734186e+00 2.341360611e+00
 2.308399137e+00 2.276822622e+00 2.246605942e+00 2.217802277e+00 2.190104689e+00
 2.163663636e+00 2.138548150e+00 2.114366968e+00 2.091384524e+00 2.069499507e+00
 2.048631492e+00 2.028810179e+00 2.009861378e+00 1.992188606e+00 1.975111136e+00
 1.958955952e+00 1.944347606e+00 1.929742029e+00 1.916379041e+00 1.904158386e+00
 1.892735501e+00 1.881727632e+00 1.872387251e+00 1.863151925e+00 1.855898576e+00
 1.849070690e+00 1.842683868e+00 1.838373676e+00 1.833848297e+00 1.836999352e+00
 1.845027235e+00 1.846249251e+00 1.838107239e+00 1.824277853e+00 1.810865523e+00
 1.803439047e+00 1.805004846e+00 1.815009292e+00 1.829435882e+00 1.842063723e+00
 1.846928362e+00 1.842013295e+00 1.834175526e+00 1.835746072e+00 1.840688170e+00
 1.846134982e+00 1.853589203e+00 1.860833117e+00 1.870220076e+00 1.880289197e+00
 1.891954315e+00 1.904371831e+00 1.917839239e+00 1.932549825e+00 1.948956007e+00
 1.966019415e+00 1.984317818e+00 2.003941541e+00 2.025124397e+00 2.047601582e+00
 2.071564943e+00 2.097150764e+00 2.124149056e+00 2.152960894e+00 2.183802807e+00
 2.216360106e+00 2.250877719e+00 2.287543298e+00 2.326558690e+00 2.368027516e+00
 2.411988207e+00 2.458818734e+00 2.508536977e+00 2.561340265e+00 2.617650028e+00
 2.677590003e+00 2.741516178e+00 2.809724071e+00 2.882616825e+00 2.960601684e+00
 3.044089310e+00 3.133680618e+00 3.229920529e+00 3.333493826e+00 3.445178167e+00
 3.565972378e+00 3.696817643e+00 3.839037546e+00 3.994005308e+00 4.163570346e+00
 4.349457578e+00 4.554430921e+00 4.782096542e+00 5.036338613e+00
 1.000000000e+00 1.013000000e+00 1.026000000e+00 1.039000000e+00 1.052000000e+00
 1.065000000e+00 1.078000000e+00 1.091000000e+00 1.104000000e+00 1.117000000e+00
 1.130000000e+00 1.143000000e+00 1.156000000e+00 1.169000000e+00 1.182000000e+00
 1.195000000e+00 1.208000000e+00 1.221000000e+00 1.234000000e+00 1.247000000e+00
 1.260000000e+00 1.273000000e+00 1.286000000e+00 1.299000000e+00 1.312000000e+00
 1.325000000e+00 1.338000000e+00 1.351000000e+00 1.364000000e+00 1.377000000e+00
 1.390000000e+00 1.403000000e+00 1.416000000e+00 1.429000000e+00 1.442000000e+00
 1.455000000e+00 1.468000000e+00 1.481000000e+00 1.494000000e+00 1.507000000e+00
 1.520000000e+00 1.533000000e+00 1.546000000e+00 1.559000000e+00 1.572000000e+00
 1.585000000e+00 1.598000000e+00 1.611000000e+00 1.624000000e+00 1.637000000e+00
 1.650000000e+00 1.663000000e+00 1.676000000e+00 1.689000000e+00 1.702000000e+00
 1.715000000e+00 1.728000000e+00 1.741000000e+00 1.754000000e+00 1.767000000e+00
 1.780000000e+00 1.793000000e+00 1.806000000e+00 1.819000000e+00 1.832000000e+00
 1.845000000e+00 1.858000000e+00 1.871000000e+00 1.884000000e+00 1.897000000e+00
 1.910000000e+00 1.923000000e+00 1.936000000e+00 1.949000000e+00 1.962000000e+00
 1.975000000e+00 1.988000000e+00 2.001000000e+00 2.014000000e+00 2.027000000e+00
 2.040000000e+00 2.053000000e+00 2.066000000e+00 2.079000000e+00 2.092000000e+00
 2.105000000e+00 2.118000000e+00 2.131000000e+00 2.144000000e+00 2.157000000e+00
 2.170000000e+00 2.183000000e+00 2.196000000e+00 2.209000000e+00 2.222000000e+00
 2.235000000e+00 2.248000000e+00 2.261000000e+00 2.274000000e+00 2.287000000e+00
 2.300000000e+00 2.313000000e+00 2.326000000e+00 2.339000000e+00 2.352000000e+00
 2.365000000e+00 2.378000000e+00 2.391000000e+00 2.404000000e+00 2.417000000e+00
 2.430000000e+00 2.443000000e+00 2.456000000e+00 2.469000000e+00 2.482000000e+00
 2.495000000e+00 2.508000000e+00 2.521000000e+00 2.534000000e+00 2.547000000e+00
 2.560000000e+00 2.573000000e+00 2.586000000e+00 2.599000000e+00 2.612000000e+00
 2.625000000e+00 2.638000000e+00 2.651000000e+00 2.664000000e+00
 0.000000000e+00 0.000000000e+00 0.000000000e+00 0.000000000e+00 0.000000000e+00
 0.000000000e+00 0.000000000e+00 0.000000000e+00 2.718570587e+03 1.476512607e+04
 2.699233295e+04 3.937889111e+04 5.190277948e+04 6.454127190e+04 7.727096507e+04
 9.006781237e+04 1.029071616e+05 1.157637956e+05 1.286119764e+05 1.414254909e+05
 1.541777007e+05 1.668415939e+05 1.793898395e+05 1.917948450e+05 2.040288162e+05
 2.160638199e+05 2.278718483e+05 2.394248870e+05 2.506949841e+05 2.616543220e+05
 2.722752912e+05 2.825305660e+05 2.923931814e+05 3.018366125e+05 3.108348542e+05
 3.193625027e+05 3.273948379e+05 3.349079062e+05 3.418786040e+05 3.482847617e+05
 3.541052269e+05 3.593199479e+05 3.639100569e+05 3.678579511e+05 3.711473739e+05
 3.737634940e+05 3.756929824e+05 3.769240880e+05 3.774467096e+05 3.772524662e+05
 3.763347632e+05 3.746888556e+05 3.723119067e+05 3.692030431e+05 3.653634048e+05
 3.607961900e+05 3.555066954e+05 3.495023497e+05 3.427927418e+05 3.353896429e+05
 3.273070206e+05 3.185610478e+05 3.091701028e+05 2.991547628e+05 2.885377889e+05
 2.773441041e+05 2.656007615e+05 2.533369055e+05 2.405837238e+05 2.273743906e+05
 2.137440009e+05 1.997294964e+05 1.853695823e+05 1.707046345e+05 1.557765989e+05
 1.406288815e+05 1.253062296e+05 1.098546046e+05 9.432104635e+04 7.875352937e+04
 6.320081071e+04 4.771227041e+04 3.233774595e+04 1.712736621e+04 2.131402323e+03
 0.000000000e+00 0.000000000e+00 0.000000000e+00 0.000000000e+00 0.000000000e+00
 0.000000000e+00 0.000000000e+00 0.000000000e+00 0.000000000e+00 0.000000000e+00
 0.000000000e+00 0.000000000e+00 0.000000000e+00 0.000000000e+00 0.000000000e+00
 0.000000000e+00 0.000000000e+00 0.000000000e+00 0.000000000e+00 0.000000000e+00
 0.000000000e+00 0.000000000e+00 0.000000000e+00 0.000000000e+00 0.000000000e+00
 0.000000000e+00 0.000000000e+00 0.000000000e+00 0.000000000e+00 0.000000000e+00
 0.000000000e+00 0.000000000e+00 0.000000000e+00 0.000000000e+00 0.000000000e+00
 0.000000000e+00 0.000000000e+00 0.000000000e+00 0.000000000e+00 0.000000000e+00
 0.000000000e+00 0.000000000e+00 0.000000000e+00 0.000000000e+00
    2
 0.000000000e+00 0.000000000e+00 0.000000000e+00 0.000000000e+00 0.000000000e+00
 0.000000000e+00 0.000000000e+00 0.000000000e+00 0.000000000e+00 0.000000000e+00
 0.000000000e+00 0.000000000e+00 0.000000000e+00 0.000000000e+00 0.000000000e+00
 0.000000000e+00 0.000000000e+00 0.000000000e+00 0.000000000e+00 0.000000000e+00
 0.000000000e+00 0.000000000e+00 0.000000000e+00 0.000000000e+00 0.000000000e+00
 0.000000000e+00 0.000000000e+00 0.000000000e+00 0.000000000e+00 0.000000000e+00
 0.000000000e+00 0.000000000e+00 0.000000000e+00 0.000000000e+00 0.000000000e+00
 0.000000000e+00 0.000000000e+00 0.000000000e+00 0.000000000e+00 0.000000000e+00
 0.000000000e+00 0.000000000e+00 0.000000000e+00 0.000000000e+00 0.000000000e+00
 0.000000000e+00 0.000000000e+00 0.000000000e+00 0.000000000e+00 0.000000000e+00
 0.000000000e+00 0.000000000e+00 0.000000000e+00 0.000000000e+00 0.000000000e+00
 0.000000000e+00 0.000000000e+00 0.000000000e+00 0.000000000e+00 0.000000000e+00
 0.000000000e+00 0.000000000e+00 0.000000000e+00 0.000000000e+00 0.000000000e+00
 0.000000000e+00 0.000000000e+00 0.000000000e+00 0.000000000e+00 0.000000000e+00
 0.000000000e+00 0.000000000e+00 0.000000000e+00 0.000000000e+00 0.000000000e+00
 0.000000000e+00 0.000000000e+00 0.000000000e+00 0.000000000e+00 0.000000000e+00
 0.000000000e+00 0.000000000e+00 0.000000000e+00 0.000000000e+00 0.000000000e+00
 0.000000000e+00 0.000000000e+00 0.000000000e+00 0.000000000e+00 0.000000000e+00
 0.000000000e+00 0.000000000e+00 0.000000000e+00 0.000000000e+00 0.000000000e+00
 0.000000000e+00 0.000000000e+00 0.000000000e+00 0.000000000e+00 0.000000000e+00
 0.000000000e+00 0.000000000e+00 0.000000000e+00 0.000000000e+00 0.000000000e+00
 0.000000000e+00 0.000000000e+00 0.000000000e+00 0.000000000e+00 0.000000000e+00
 0.000000000e+00 0.000000000e+00 0.000000000e+00 0.000000000e+00 0.000000000e+00
 0.000000000e+00 0.000000000e+00 0.000000000e+00 0.000000000e+00 0.000000000e+00
 0.000000000e+00 0.000000000e+00 0.000000000e+00 0.000000000e+00 0.000000000e+00
 0.000000000e+00 0.000000000e+00 0.000000000e+00 0.000000000e+00
