08/27/20 13/11/2014
 36000               1
  3.700000000e+02
* 370.000             1               0  IN   3   2 CLC    39   40
  5.230204589e+00 1.650000000e+02 1.375339008e+00 1.481153564e+05
  1.481457285e+05 1.628454468e+02 2.160563846e-01 4.141000975e+01
  1.000082000e+00-6.750861409e-03-6.750861409e-03 5.489307946e+06
  1.653823023e+02 2.372821161e-01 5.425903732e+00 1.296671062e-01
  4.897938413e-01 1.002440278e+00 1.384860113e-03 2.479580336e-01
  3.918868633e+00 2.456473871e+00 4.945693644e+00 9.150955934e+01
  0.000000000e+00 0.000000000e+00 0.000000000e+00
  0.000000000e+00 0.000000000e+00 0.000000000e+00
  0.000000000e+00 0.000000000e+00
  0.000000000e+00 0.000000000e+00
  1.777722170e+00 7.170118522e-02 1.985095612e+00 9.801717166e-01
  9.883839302e-01 5.436998870e+00-1.530389569e+01-7.348252650e+00
 -9.680251815e-02 1.154184413e-01 5.363892576e-01 8.249639744e+03
  9.047443222e-04 1.015167746e+00 2.010892398e+00 0.000000000e+00
  1.011401615e+00 1.625955006e+00 0.000000000e+00 0.000000000e+00
  -1.000000000e+02-9.724154826e+00 1.360885418e+00 1.357387619e+00
  1.000000000e+02 1.000000000e+02 2.743370750e+01 1.000000000e+03
  1.671821175e+02 2.413640143e-01 1.543833024e-01 0.000000000e+00
  0.000000000e+00 0.000000000e+00 0.000000000e+00 0.000000000e+00
  0.000000000e+00 0.000000000e+00 1.435402824e+00 5.000000000e+00
     4   18    6    0
  1.083503192e-01 1.081682119e-01 9.382620453e-02 9.332417130e-02
  6.373136379e-02 6.631247689e-02 6.614324641e-02 6.412280523e-02
  6.621464116e-02 6.645871688e-02 6.394589918e-02 5.563257365e-02
  5.605841468e-02 5.581527621e-02 5.455925117e-02 5.273912182e-02
  5.187856619e-02 5.282845963e-02 5.474060695e-02 5.605071838e-02
  5.623925820e-02 5.565097150e-02
  4.016443777e+03 1.008359219e+04-3.648407185e+02 4.138683600e+01
 -4.563323292e+01-4.530193977e+01
  0.000000000e+00 0.000000000e+00 0.000000000e+00 0.000000000e+00
  0.000000000e+00 0.000000000e+00 0.000000000e+00 0.000000000e+00
  0.000000000e+00 0.000000000e+00 0.000000000e+00 0.000000000e+00
  1.187497352e-01 1.000000000e-01 4.000000000e+01 1.034010115e-01
  1.132279243e+02 0.000000000e+00 9.990000000e+02 3.197016025e+05
 -1.000000000e+01 2.010892398e+00 0.000000000e+00-1.469111421e-01
 -1.000000000e+01-9.990000000e+02 2.286603283e+00 0.000000000e+00
  2.378883535e-02 4.541443024e-03 1.214354370e+00 2.042554565e+00
  2.657113773e+01 1.000000000e+10-8.900000000e+01-8.900000000e+01
 -8.900000000e+01-8.900000000e+01-8.900000000e+01-8.900000000e+01
  1.705337092e+00-8.900000000e+01-8.900000000e+01-8.900000000e+01
 -8.900000000e+01-8.900000000e+01-8.900000000e+01-8.900000000e+01
 -8.900000000e+01 6.262195632e+02-9.900000000e+01-9.900000000e+01
 -9.900000000e+01-9.900000000e+01 0.000000000e+00 0.000000000e+00
            MAG