09/28/22 13/11/2014
   525               1
  1.450000000e+02
* 145.000             1               0  IN   3   2 CLC    39   40
  6.500493859e+00 1.780000000e+02 6.496785706e-01 1.346945287e+05
  1.421155432e+05 1.600696139e+02 3.494786808e+00 5.006635592e+01
  1.051096396e+00 5.385131532e-03 5.385131532e-03 8.406717701e+06
  1.620293827e+02 3.581181030e+00 4.738290437e+00 1.533639528e-01
  2.642838009e-01 9.895663643e-01 3.257993434e-03 2.851604344e+01
  3.000000000e-01 4.205828015e+01 4.399361324e+00 5.964787390e+01
  0.000000000e+00 0.000000000e+00 0.000000000e+00
  0.000000000e+00 0.000000000e+00 0.000000000e+00
  0.000000000e+00 0.000000000e+00
  0.000000000e+00 0.000000000e+00
  1.854822903e+00 5.503462625e-02 1.894223023e+00 6.166438055e-01
  9.253274205e-01 4.858405308e+00-8.433718760e+00-4.904763806e+00
 -6.737437601e-02-1.691561854e-01 8.367925476e-01 4.016247335e+03
  8.992857757e-04 1.053333526e+00 1.753438366e+00 0.000000000e+00
  1.060652312e+00 1.546873867e+00 0.000000000e+00 0.000000000e+00
  2.356319882e+02-1.060770055e+02 2.369280794e+02 1.067837570e+02
 -1.000000000e+02-6.858904369e+00 7.075068212e-01 7.019505516e-01
  1.000000000e+02 1.954849714e+01 3.809170675e+01 1.000000000e+03
  1.647449173e+02 3.607917636e+00-1.328851987e-01 0.000000000e+00
  0.000000000e+00 0.000000000e+00 0.000000000e+00 0.000000000e+00
  0.000000000e+00 0.000000000e+00 1.471241869e+00 5.000000000e+00
    89   40   16    1
 -1.738671365e-01-1.738794607e-01-1.765355521e-01-1.809726186e-01
 -1.854380385e-01-1.889393234e-01-1.909605023e-01-1.924194616e-01
 -1.965008361e-01-2.059521325e-01-2.211474304e-01-2.367720093e-01
 -2.465033600e-01-2.462233724e-01-2.195945929e-01-2.070993737e-01
 -2.094744529e-01-2.179187056e-01-2.201479852e-01-2.123791199e-01
 -2.097867232e-01-2.215941907e-01-2.472667039e-01-2.471963845e-01
 -2.374509742e-01-2.220565913e-01-2.071213385e-01-1.977300714e-01
 -1.937418954e-01-1.921965409e-01-1.903826872e-01-1.871117744e-01
 -1.827532135e-01-1.780751363e-01-1.745652040e-01-1.745415806e-01
 -1.755696650e-01-1.755640269e-01-1.755586793e-01-1.758860318e-01
 -1.759007466e-01-1.784539240e-01-1.826679931e-01-1.827076493e-01
 -1.870175852e-01-1.896456413e-01-1.900655923e-01-1.911614478e-01
 -1.946861200e-01-2.039470467e-01-2.178731638e-01-2.367671311e-01
 -2.495963542e-01-2.534524768e-01-2.482564989e-01-2.298196832e-01
 -2.296485974e-01-2.217320435e-01-2.073311092e-01-2.044201370e-01
 -2.138941805e-01-2.179630857e-01-2.180519072e-01-2.212164577e-01
 -2.235646268e-01-2.209529412e-01-2.208659843e-01-2.168009525e-01
 -2.071639377e-01-2.099845583e-01-2.236868228e-01-2.313630707e-01
 -2.315228118e-01-2.493060644e-01-2.541448340e-01-2.501493092e-01
 -2.374703040e-01-2.188683339e-01-2.062994255e-01-1.963170619e-01
 -1.924550100e-01-1.912260474e-01-1.908808463e-01-1.885075537e-01
 -1.843323305e-01-1.842928533e-01-1.798794971e-01-1.766467332e-01
 -1.766226362e-01
  5.899220171e-02 5.349912585e-02 3.447490285e-02 1.442478238e-02
  3.977337250e-03 7.503682024e-03 1.886851070e-02 4.398698002e-02
  3.077702348e-02 2.611696351e-02 2.615868218e-02 3.093501448e-02
  4.461099771e-02 1.840399610e-02 6.786238583e-03 3.462565225e-03
  1.015351374e-02 2.909676646e-02 4.872234513e-02 5.633931283e-02
  5.141637328e-03 1.446206534e-02 2.246859964e-02 2.067373221e-02
 -2.026393230e-02 5.198227409e-04 1.130349645e-02 7.927880907e-03
 -7.944218127e-03-1.927502053e-03 4.658688181e-03 1.060838336e-02
 -6.987294148e-03-1.146613360e-02-9.999022865e-04 1.947102083e-02
 -1.984610287e-02-2.291242001e-02-1.848188266e-02-1.137906235e-02
  0.000000000e+00 0.000000000e+00-2.119935859e-03 6.336461436e-03
  0.000000000e+00-1.016870599e+04 0.000000000e+00-1.464839633e+03
  0.000000000e+00 0.000000000e+00-2.119935859e-03 6.336461436e-03
  0.000000000e+00-1.019652335e+04 0.000000000e+00-1.528719727e+03
 -1.998218381e+04
  0.000000000e+00 0.000000000e+00 0.000000000e+00 0.000000000e+00
  0.000000000e+00 0.000000000e+00 0.000000000e+00 0.000000000e+00
  0.000000000e+00 0.000000000e+00 0.000000000e+00 0.000000000e+00
  1.225503934e-01 1.000000000e-01 4.000000000e+01-9.297189189e-02
  1.025886857e+02 0.000000000e+00 9.990000000e+02 1.072727181e+05
 -1.000000000e+01 1.753438366e+00 0.000000000e+00-2.049051973e-01
 -1.000000000e+01-9.990000000e+02 2.395767352e+00 0.000000000e+00
  2.465752858e-02 4.845628027e-03 1.101051504e+00 2.100007775e+00
  3.259931322e+01 1.000000000e+10-8.900000000e+01-8.900000000e+01
 -8.900000000e+01-8.900000000e+01-8.900000000e+01-8.900000000e+01
  1.626506305e+00-8.900000000e+01-8.900000000e+01-8.900000000e+01
 -8.900000000e+01-8.900000000e+01-8.900000000e+01-8.900000000e+01
 -8.900000000e+01 6.268335113e+02-9.900000000e+01-1.405721020e-01
 -9.900000000e+01 1.637000000e+02 0.000000000e+00 0.000000000e+00
            MAG