 0.000000000e+00 6.513025385e-02 9.376725721e-02 1.159267357e-01 1.344801054e-01
 1.510089119e-01 1.657868241e-01 1.796210840e-01 1.924673550e-01 2.045228442e-01
 2.160335138e-01 2.271044946e-01 2.376110360e-01 2.477323291e-01 2.575912692e-01
 2.671530409e-01 2.763910412e-01 2.853822541e-01 2.941560315e-01 3.027951790e-01
 3.112234915e-01 3.194380566e-01 3.275185751e-01 3.354571961e-01 3.432851611e-01
 3.510022867e-01 3.585712300e-01 3.660193952e-01 3.733784762e-01 3.806587623e-01
 3.878679399e-01 3.949792189e-01 4.019973929e-01 4.089398709e-01 4.158180896e-01
 4.226428711e-01 4.294105353e-01 4.361210255e-01 4.427669233e-01 4.493504759e-01
 4.558807750e-01 4.623804836e-01 4.688471608e-01 4.752638066e-01 4.816382818e-01
 4.879696020e-01 4.942652410e-01 5.005242341e-01 5.067576084e-01 5.129673761e-01
 5.191511475e-01 5.253042517e-01 5.314243110e-01 5.375153512e-01 5.435911191e-01
 5.496476823e-01 5.556867149e-01 5.617108797e-01 5.677156282e-01 5.736956345e-01
 5.796598701e-01 5.856158347e-01 5.915576932e-01 5.974841158e-01 6.034064300e-01
 6.093263672e-01 6.152262342e-01 6.211122297e-01 6.269964295e-01 6.328763897e-01
 6.387506433e-01 6.446201737e-01 6.504905378e-01 6.563572128e-01 6.622150208e-01
 6.680776404e-01 6.739384467e-01 6.797952666e-01 6.856594442e-01 6.915275943e-01
 6.973956727e-01 7.032661332e-01 7.091445843e-01 7.150289875e-01 7.209135490e-01
 7.268060774e-01 7.327120930e-01 7.386261688e-01 7.445427247e-01 7.504764658e-01
 7.564188902e-01 7.623718668e-01 7.683400707e-01 7.743214197e-01 7.803140336e-01
 7.863190124e-01 7.923476056e-01 7.983929120e-01 8.044483048e-01 8.105301056e-01
 8.166327146e-01 8.227500374e-01 8.288864845e-01 8.350495910e-01 8.412353202e-01
 8.474461303e-01 8.536853999e-01 8.599530527e-01 8.662401902e-01 8.725612048e-01
 8.789117023e-01 8.852865346e-01 8.917001955e-01 8.981517578e-01 9.046381758e-01
 9.111593151e-01 9.177197173e-01 9.243123530e-01 9.309435558e-01 9.376275296e-01
 9.443539573e-01 9.511266050e-01 9.579557942e-01 9.648267309e-01 9.717418495e-01
 9.787157011e-01 9.857432742e-01 9.928352585e-01 1.000000000e+00
 1.100064847e+00 1.107886772e+00 1.115708696e+00 1.123530621e+00 1.131352546e+00
 1.139174471e+00 1.146996395e+00 1.154818320e+00 1.162640245e+00 1.170462170e+00
 1.178284095e+00 1.186106019e+00 1.193927944e+00 1.201749869e+00 1.209571794e+00
 1.217393718e+00 1.225215643e+00 1.233037568e+00 1.240859493e+00 1.248681418e+00
 1.256503342e+00 1.264325267e+00 1.272147192e+00 1.279969117e+00 1.287791041e+00
 1.295612966e+00 1.303434891e+00 1.311256816e+00 1.319078741e+00 1.326900665e+00
 1.334722590e+00 1.342544515e+00 1.350366440e+00 1.358188365e+00 1.366010289e+00
 1.373832214e+00 1.381654139e+00 1.389476064e+00 1.397297988e+00 1.405119913e+00
 1.412941838e+00 1.420763763e+00 1.428585688e+00 1.436407612e+00 1.444229537e+00
 1.452051462e+00 1.459873387e+00 1.467695311e+00 1.475517236e+00 1.483339161e+00
 1.491161086e+00 1.498983011e+00 1.506804935e+00 1.514626860e+00 1.522448785e+00
 1.530270710e+00 1.538092634e+00 1.545914559e+00 1.553736484e+00 1.561558409e+00
 1.569380334e+00 1.577202258e+00 1.585024183e+00 1.592846108e+00 1.600668033e+00
 1.608489957e+00 1.616311882e+00 1.624133807e+00 1.631955732e+00 1.639777657e+00
 1.647599581e+00 1.655421506e+00 1.663243431e+00 1.671065356e+00 1.678887280e+00
 1.686709205e+00 1.694531130e+00 1.702353055e+00 1.710174980e+00 1.717996904e+00
 1.725818829e+00 1.733640754e+00 1.741462679e+00 1.749284603e+00 1.757106528e+00
 1.764928453e+00 1.772750378e+00 1.780572303e+00 1.788394227e+00 1.796216152e+00
 1.804038077e+00 1.811860002e+00 1.819681926e+00 1.827503851e+00 1.835325776e+00
 1.843147701e+00 1.850969626e+00 1.858791550e+00 1.866613475e+00 1.874435400e+00
 1.882257325e+00 1.890079249e+00 1.897901174e+00 1.905723099e+00 1.913545024e+00
 1.921366949e+00 1.929188873e+00 1.937010798e+00 1.944832723e+00 1.952654648e+00
 1.960476572e+00 1.968298497e+00 1.976120422e+00 1.983942347e+00 1.991764272e+00
 1.999586196e+00 2.007408121e+00 2.015230046e+00 2.023051971e+00 2.030873895e+00
 2.038695820e+00 2.046517745e+00 2.054339670e+00 2.062161595e+00 2.069983519e+00
 2.077805444e+00 2.085627369e+00 2.093449294e+00 2.101271218e+00
 1.699694127e-05 2.903186024e-01 1.174566013e+00 2.684886831e+00 4.852390114e+00
 7.707209592e+00 1.127811559e+01 1.559245075e+01 2.067603121e+01 2.655293990e+01
 3.324541393e+01 4.077368719e+01 4.915586420e+01 5.840779041e+01 6.854289749e+01
 7.957212122e+01 9.150374379e+01 1.043433055e+02 1.180935078e+02 1.327540831e+02
 1.483217576e+02 1.647901274e+02 1.821496146e+02 2.003874168e+02 2.194874232e+02
 2.394302290e+02 2.601930662e+02 2.817498150e+02 3.040710083e+02 3.271238165e+02
 3.508721124e+02 3.752764766e+02 4.002942694e+02 4.258796967e+02 4.519838783e+02
 4.785549592e+02 5.055382022e+02 5.328761240e+02 5.605086152e+02 5.883731084e+02
 6.164047210e+02 6.445364417e+02 6.726993258e+02 7.008226589e+02 7.288342293e+02
 7.566604824e+02 7.842267979e+02 8.114577355e+02 8.382772200e+02 8.646089154e+02
 8.903763663e+02 9.155033513e+02 9.399141639e+02 9.635337902e+02 9.862883731e+02
 1.008105311e+03 1.028913664e+03 1.048644448e+03 1.067230775e+03 1.084608381e+03
 1.100715655e+03 1.115494065e+03 1.128888442e+03 1.140847044e+03 1.151322122e+03
 1.160269852e+03 1.167650735e+03 1.173429856e+03 1.177576831e+03 1.180066379e+03
 1.180878129e+03 1.179996970e+03 1.177413235e+03 1.173122533e+03 1.167126265e+03
 1.159431310e+03 1.150050275e+03 1.139001598e+03 1.126309234e+03 1.112003095e+03
 1.096118599e+03 1.078696801e+03 1.059784399e+03 1.039433274e+03 1.017700817e+03
 9.946493692e+02 9.703462067e+02 9.448634427e+02 9.182774483e+02 8.906690439e+02
 8.621228492e+02 8.327271345e+02 8.025736198e+02 7.717568101e+02 7.403740467e+02
 7.085248097e+02 6.763104511e+02 6.438339119e+02 6.111990191e+02 5.785104113e+02
 5.458728406e+02 5.133908263e+02 4.811683193e+02 4.493080193e+02 4.179112057e+02
 3.870770925e+02 3.569024535e+02 3.274812744e+02 2.989041517e+02 2.712580762e+02
 2.446258925e+02 2.190859545e+02 1.947118145e+02 1.715717587e+02 1.497286006e+02
 1.292392919e+02 1.101546661e+02 9.251921513e+01 7.637080430e+01 6.174053616e+01
 4.865254747e+01 3.712388946e+01 2.716443252e+01 1.877679719e+01 1.195634552e+01
 6.691136137e+00 2.962026274e+00 7.428010483e-01 1.036805330e-04
 1.100064847e+00 1.107886772e+00 1.115708696e+00 1.123530621e+00 1.131352546e+00
 1.139174471e+00 1.146996395e+00 1.154818320e+00 1.162640245e+00 1.170462170e+00
 1.178284095e+00 1.186106019e+00 1.193927944e+00 1.201749869e+00 1.209571794e+00
 1.217393718e+00 1.225215643e+00 1.233037568e+00 1.240859493e+00 1.248681418e+00
 1.256503342e+00 1.264325267e+00 1.272147192e+00 1.279969117e+00 1.287791041e+00
 1.295612966e+00 1.303434891e+00 1.311256816e+00 1.319078741e+00 1.326900665e+00
 1.334722590e+00 1.342544515e+00 1.350366440e+00 1.358188365e+00 1.366010289e+00
 1.373832214e+00 1.381654139e+00 1.389476064e+00 1.397297988e+00 1.405119913e+00
 1.412941838e+00 1.420763763e+00 1.428585688e+00 1.436407612e+00 1.444229537e+00
 1.452051462e+00 1.459873387e+00 1.467695311e+00 1.475517236e+00 1.483339161e+00
 1.491161086e+00 1.498983011e+00 1.506804935e+00 1.514626860e+00 1.522448785e+00
 1.530270710e+00 1.538092634e+00 1.545914559e+00 1.553736484e+00 1.561558409e+00
 1.569380334e+00 1.577202258e+00 1.585024183e+00 1.592846108e+00 1.600668033e+00
 1.608489957e+00 1.616311882e+00 1.624133807e+00 1.631955732e+00 1.639777657e+00
 1.647599581e+00 1.655421506e+00 1.663243431e+00 1.671065356e+00 1.678887280e+00
 1.686709205e+00 1.694531130e+00 1.702353055e+00 1.710174980e+00 1.717996904e+00
 1.725818829e+00 1.733640754e+00 1.741462679e+00 1.749284603e+00 1.757106528e+00
 1.764928453e+00 1.772750378e+00 1.780572303e+00 1.788394227e+00 1.796216152e+00
 1.804038077e+00 1.811860002e+00 1.819681926e+00 1.827503851e+00 1.835325776e+00
 1.843147701e+00 1.850969626e+00 1.858791550e+00 1.866613475e+00 1.874435400e+00
 1.882257325e+00 1.890079249e+00 1.897901174e+00 1.905723099e+00 1.913545024e+00
 1.921366949e+00 1.929188873e+00 1.937010798e+00 1.944832723e+00 1.952654648e+00
 1.960476572e+00 1.968298497e+00 1.976120422e+00 1.983942347e+00 1.991764272e+00
 1.999586196e+00 2.007408121e+00 2.015230046e+00 2.023051971e+00 2.030873895e+00
 2.038695820e+00 2.046517745e+00 2.054339670e+00 2.062161595e+00 2.069983519e+00
 2.077805444e+00 2.085627369e+00 2.093449294e+00 2.101271218e+00
 4.857174157e+00 4.702655242e+00 4.556403082e+00 4.418366378e+00 4.287688474e+00
 4.163939308e+00 4.046424060e+00 3.934605939e+00 3.828376728e+00 3.727330973e+00
 3.631056686e+00 3.539425786e+00 3.452116156e+00 3.368808209e+00 3.289323064e+00
 3.213508867e+00 3.141045460e+00 3.071803061e+00 3.005694953e+00 2.942487946e+00
 2.881947981e+00 2.824160008e+00 2.768806684e+00 2.715787521e+00 2.665082473e+00
 2.616554022e+00 2.570096567e+00 2.525505945e+00 2.482924642e+00 2.442092173e+00
 2.402933115e+00 2.365508783e+00 2.329662029e+00 2.295320023e+00 2.262365489e+00
 2.230949831e+00 2.200828993e+00 2.171910814e+00 2.144524882e+00 2.118168725e+00
 2.092892545e+00 2.068957028e+00 2.046071978e+00 2.024137877e+00 2.003316996e+00
 1.983568968e+00 1.964704996e+00 1.946654524e+00 1.930027469e+00 1.913933846e+00
 1.898608084e+00 1.884474407e+00 1.871046374e+00 1.858394524e+00 1.847043270e+00
 1.835941342e+00 1.826058495e+00 1.817001236e+00 1.808505995e+00 1.801997551e+00
 1.795395067e+00 1.790568640e+00 1.786898883e+00 1.784600921e+00 1.789825199e+00
 1.794699547e+00 1.791825792e+00 1.781525716e+00 1.768236577e+00 1.757453300e+00
 1.753439962e+00 1.757784798e+00 1.768867808e+00 1.782298332e+00 1.792361255e+00
 1.794507662e+00 1.788899774e+00 1.784525745e+00 1.787758039e+00 1.791446684e+00
 1.797370662e+00 1.804103431e+00 1.811782244e+00 1.821331744e+00 1.831196600e+00
 1.842834581e+00 1.854847949e+00 1.868419338e+00 1.882861259e+00 1.898444165e+00
 1.915371522e+00 1.933521571e+00 1.952514155e+00 1.973088561e+00 1.994974313e+00
 2.018343326e+00 2.043218338e+00 2.069545333e+00 2.097519220e+00 2.127231122e+00
 2.158833137e+00 2.192437504e+00 2.227943202e+00 2.265659798e+00 2.305705263e+00
 2.348261381e+00 2.393459155e+00 2.441485512e+00 2.492553425e+00 2.546806536e+00
 2.604533889e+00 2.666102820e+00 2.731776506e+00 2.801850429e+00 2.876791314e+00
 2.957027720e+00 3.042977179e+00 3.135273214e+00 3.234543170e+00 3.341499967e+00
 3.457001944e+00 3.582047462e+00 3.717827474e+00 3.865618466e+00 4.027089835e+00
 4.203904030e+00 4.398682732e+00 4.614592830e+00 4.855365647e+00
 1.000000000e+00 1.013000000e+00 1.026000000e+00 1.039000000e+00 1.052000000e+00
 1.065000000e+00 1.078000000e+00 1.091000000e+00 1.104000000e+00 1.117000000e+00
 1.130000000e+00 1.143000000e+00 1.156000000e+00 1.169000000e+00 1.182000000e+00
 1.195000000e+00 1.208000000e+00 1.221000000e+00 1.234000000e+00 1.247000000e+00
 1.260000000e+00 1.273000000e+00 1.286000000e+00 1.299000000e+00 1.312000000e+00
 1.325000000e+00 1.338000000e+00 1.351000000e+00 1.364000000e+00 1.377000000e+00
 1.390000000e+00 1.403000000e+00 1.416000000e+00 1.429000000e+00 1.442000000e+00
 1.455000000e+00 1.468000000e+00 1.481000000e+00 1.494000000e+00 1.507000000e+00
 1.520000000e+00 1.533000000e+00 1.546000000e+00 1.559000000e+00 1.572000000e+00
 1.585000000e+00 1.598000000e+00 1.611000000e+00 1.624000000e+00 1.637000000e+00
 1.650000000e+00 1.663000000e+00 1.676000000e+00 1.689000000e+00 1.702000000e+00
 1.715000000e+00 1.728000000e+00 1.741000000e+00 1.754000000e+00 1.767000000e+00
 1.780000000e+00 1.793000000e+00 1.806000000e+00 1.819000000e+00 1.832000000e+00
 1.845000000e+00 1.858000000e+00 1.871000000e+00 1.884000000e+00 1.897000000e+00
 1.910000000e+00 1.923000000e+00 1.936000000e+00 1.949000000e+00 1.962000000e+00
 1.975000000e+00 1.988000000e+00 2.001000000e+00 2.014000000e+00 2.027000000e+00
 2.040000000e+00 2.053000000e+00 2.066000000e+00 2.079000000e+00 2.092000000e+00
 2.105000000e+00 2.118000000e+00 2.131000000e+00 2.144000000e+00 2.157000000e+00
 2.170000000e+00 2.183000000e+00 2.196000000e+00 2.209000000e+00 2.222000000e+00
 2.235000000e+00 2.248000000e+00 2.261000000e+00 2.274000000e+00 2.287000000e+00
 2.300000000e+00 2.313000000e+00 2.326000000e+00 2.339000000e+00 2.352000000e+00
 2.365000000e+00 2.378000000e+00 2.391000000e+00 2.404000000e+00 2.417000000e+00
 2.430000000e+00 2.443000000e+00 2.456000000e+00 2.469000000e+00 2.482000000e+00
 2.495000000e+00 2.508000000e+00 2.521000000e+00 2.534000000e+00 2.547000000e+00
 2.560000000e+00 2.573000000e+00 2.586000000e+00 2.599000000e+00 2.612000000e+00
 2.625000000e+00 2.638000000e+00 2.651000000e+00 2.664000000e+00
 0.000000000e+00 0.000000000e+00 0.000000000e+00 0.000000000e+00 0.000000000e+00
 0.000000000e+00 0.000000000e+00 0.000000000e+00 2.838913873e+03 1.563548764e+04
 2.860680600e+04 4.172920451e+04 5.497835334e+04 6.832928050e+04 8.175640791e+04
 9.523359360e+04 1.087341774e+05 1.222310298e+05 1.356966029e+05 1.491029840e+05
 1.624219521e+05 1.756250356e+05 1.886835734e+05 2.015687771e+05 2.142517968e+05
 2.267037869e+05 2.388959756e+05 2.507997350e+05 2.623866534e+05 2.736286087e+05
 2.844978436e+05 2.949670412e+05 3.050094025e+05 3.145987240e+05 3.237094757e+05
 3.323168807e+05 3.403969935e+05 3.479267788e+05 3.548841907e+05 3.612482500e+05
 3.669991219e+05 3.721181917e+05 3.765881402e+05 3.803930163e+05 3.835183087e+05
 3.859510150e+05 3.876797081e+05 3.886946006e+05 3.889876052e+05 3.885523926e+05
 3.873844451e+05 3.854811066e+05 3.828416285e+05 3.794672107e+05 3.753610379e+05
 3.705283108e+05 3.649762726e+05 3.587142283e+05 3.517535599e+05 3.441077342e+05
 3.357923049e+05 3.268249078e+05 3.172252491e+05 3.070150877e+05 2.962182088e+05
 2.848603917e+05 2.729693691e+05 2.605747801e+05 2.477081144e+05 2.344026495e+05
 2.206933808e+05 2.066169430e+05 1.922115249e+05 1.775167763e+05 1.625737074e+05
 1.474245815e+05 1.321128003e+05 1.166827823e+05 1.011798352e+05 8.565002188e+04
 7.014002091e+04 5.469698173e+04 3.936837585e+04 2.420184393e+04 9.245038472e+03
 0.000000000e+00 0.000000000e+00 0.000000000e+00 0.000000000e+00 0.000000000e+00
 0.000000000e+00 0.000000000e+00 0.000000000e+00 0.000000000e+00 0.000000000e+00
 0.000000000e+00 0.000000000e+00 0.000000000e+00 0.000000000e+00 0.000000000e+00
 0.000000000e+00 0.000000000e+00 0.000000000e+00 0.000000000e+00 0.000000000e+00
 0.000000000e+00 0.000000000e+00 0.000000000e+00 0.000000000e+00 0.000000000e+00
 0.000000000e+00 0.000000000e+00 0.000000000e+00 0.000000000e+00 0.000000000e+00
 0.000000000e+00 0.000000000e+00 0.000000000e+00 0.000000000e+00 0.000000000e+00
 0.000000000e+00 0.000000000e+00 0.000000000e+00 0.000000000e+00 0.000000000e+00
 0.000000000e+00 0.000000000e+00 0.000000000e+00 0.000000000e+00
    2
 0.000000000e+00 0.000000000e+00 0.000000000e+00 0.000000000e+00 0.000000000e+00
 0.000000000e+00 0.000000000e+00 0.000000000e+00 0.000000000e+00 0.000000000e+00
 0.000000000e+00 0.000000000e+00 0.000000000e+00 0.000000000e+00 0.000000000e+00
 0.000000000e+00 0.000000000e+00 0.000000000e+00 0.000000000e+00 0.000000000e+00
 0.000000000e+00 0.000000000e+00 0.000000000e+00 0.000000000e+00 0.000000000e+00
 0.000000000e+00 0.000000000e+00 0.000000000e+00 0.000000000e+00 0.000000000e+00
 0.000000000e+00 0.000000000e+00 0.000000000e+00 0.000000000e+00 0.000000000e+00
 0.000000000e+00 0.000000000e+00 0.000000000e+00 0.000000000e+00 0.000000000e+00
 0.000000000e+00 0.000000000e+00 0.000000000e+00 0.000000000e+00 0.000000000e+00
 0.000000000e+00 0.000000000e+00 0.000000000e+00 0.000000000e+00 0.000000000e+00
 0.000000000e+00 0.000000000e+00 0.000000000e+00 0.000000000e+00 0.000000000e+00
 0.000000000e+00 0.000000000e+00 0.000000000e+00 0.000000000e+00 0.000000000e+00
 0.000000000e+00 0.000000000e+00 0.000000000e+00 0.000000000e+00 0.000000000e+00
 0.000000000e+00 0.000000000e+00 0.000000000e+00 0.000000000e+00 0.000000000e+00
 0.000000000e+00 0.000000000e+00 0.000000000e+00 0.000000000e+00 0.000000000e+00
 0.000000000e+00 0.000000000e+00 0.000000000e+00 0.000000000e+00 0.000000000e+00
 0.000000000e+00 0.000000000e+00 0.000000000e+00 0.000000000e+00 0.000000000e+00
 0.000000000e+00 0.000000000e+00 0.000000000e+00 0.000000000e+00 0.000000000e+00
 0.000000000e+00 0.000000000e+00 0.000000000e+00 0.000000000e+00 0.000000000e+00
 0.000000000e+00 0.000000000e+00 0.000000000e+00 0.000000000e+00 0.000000000e+00
 0.000000000e+00 0.000000000e+00 0.000000000e+00 0.000000000e+00 0.000000000e+00
 0.000000000e+00 0.000000000e+00 0.000000000e+00 0.000000000e+00 0.000000000e+00
 0.000000000e+00 0.000000000e+00 0.000000000e+00 0.000000000e+00 0.000000000e+00
 0.000000000e+00 0.000000000e+00 0.000000000e+00 0.000000000e+00 0.000000000e+00
 0.000000000e+00 0.000000000e+00 0.000000000e+00 0.000000000e+00 0.000000000e+00
 0.000000000e+00 0.000000000e+00 0.000000000e+00 0.000000000e+00
